TSPAN13	0	0	0	1	1	0	1.74608991969896e-07	4.96549382699371e-06	1.73190677554404e-05
LILRA3	0.528536497358836	0.52802653332761	0.0133745478208144	0.471463502641164	0.47197346667239	0.0133745478208144	2.67218798426316e-06	1.03932118946341e-05	1.02805957186386e-05
IFNAR1	0.0465925387170724	0.0458822992155883	0.00790774743578742	0.953407461282928	0.954117700784412	0.00790774743578742	4.09731911441582e-09	8.31633594483149e-06	2.19658527171092e-05
CHUK	0.0241911517887778	0.0239331386645743	0.00762022505544933	0.975808848211222	0.976066861335426	0.00762022505544932	3.11144184564977e-08	9.90320610817187e-06	4.72739985661685e-05
ABCD2	0	0	0	1	1	0	1.05416416116737e-07	1.99826464589286e-05	0.00017286945974377
MAP3K7	0.0180440328368978	0.018019305948932	0.00331112107683014	0.981955967163102	0.981980694051068	0.00331112107683013	8.89631389719196e-07	5.98927361574792e-06	1.55606962282933e-05
MAP2K6	0.332727156276338	0.333444957076652	0.021847804382417	0.667272843723662	0.666555042923348	0.021847804382417	2.86570214950664e-06	1.2125631224019e-05	1.75711068865134e-05
ATG4C	0.0633864403414537	0.0635490873742896	0.010171707638178	0.936613559658546	0.93645091262571	0.010171707638178	1.4018501380527e-08	8.06793137571888e-06	1.58905324051228e-05
TIRAP	0	0	0	1	1	0	8.96775137310605e-09	5.32696045302997e-06	2.71565699440378e-05
RAB7L1	0.339476977248643	0.33936883444873	0.0131905847671811	0.660523022751357	0.66063116555127	0.0131905847671811	2.13504275468905e-06	1.39469992115631e-05	2.45215309747457e-05
CTSH	0.497105930444025	0.498466526952212	0.024248877629907	0.502894069555975	0.501533473047788	0.024248877629907	3.67612925640208e-10	1.27558379603238e-05	4.35552197064665e-05
CD69	0.287677125780028	0.286651974228394	0.0151914771680674	0.712322874219972	0.713348025771606	0.0151914771680674	2.33489394304032e-07	8.00934520458761e-06	1.24643886561854e-05
HMBS	0	0.000594066332306645	0.00416936138444555	1	0.999405933667693	0.00416936138444555	7.07990862075359e-08	2.39395190664581e-05	0.00019429673825402
C19orf12	0.11491276541984	0.114733143402947	0.00951294561421749	0.88508723458016	0.885266856597053	0.00951294561421748	2.75162317402785e-07	1.48715220288627e-05	7.75594675764824e-05
RNF122	0	0	0	1	1	0	7.180950607419e-09	1.9498285144846e-05	0.000161727942088843
LOC388022	0	0	0	1	1	0	5.84425484022809e-09	6.18807171082774e-06	4.17359953232787e-05
IKBKB	0.0748709257410115	0.0748902055920366	0.00582210445826363	0.925129074258988	0.925109794407963	0.00582210445826362	5.682146954232e-08	8.12698991878974e-06	1.67334300845187e-05
CASP7	0.263546326573075	0.264230112780944	0.0216711324062876	0.736453673426925	0.735769887219056	0.0216711324062876	8.23926496309559e-08	8.99407500934989e-06	1.78651497344141e-05
IL15	0.00800553889104562	0.0084011223113582	0.00664921746273929	0.991994461108954	0.991598877688642	0.00664921746273929	4.06985099675268e-07	8.50606539865817e-06	2.58018954497916e-05
MAP3K8	0.132818123904051	0.132189753573972	0.0111077039448506	0.867181876095949	0.867810246426028	0.0111077039448507	3.36419422475896e-09	8.39740557562728e-06	1.55016343212986e-05
MAP2K4	0.0540904812006511	0.0537951582676662	0.00540938161829073	0.945909518799349	0.946204841732334	0.00540938161829074	3.27178372286634e-06	1.82349967906779e-05	6.97200024953112e-05
HELB	0.0357076830831525	0.0359071976675271	0.0115415113522876	0.964292316916847	0.964092802332473	0.0115415113522876	3.08595048824902e-07	7.10282417534654e-06	1.52877656082191e-05
MS4A7	0.39424866162029	0.394163383086878	0.013414858016407	0.60575133837971	0.605836616913122	0.013414858016407	1.04414152484748e-07	7.36268303042561e-06	1.08901248503534e-05
CD14	0.673308426274776	0.672953572700558	0.00872549389185027	0.326691573725224	0.327046427299442	0.00872549389185026	1.10889158809289e-08	8.41275025725596e-06	1.47677176862413e-05
TANK	0.128400950179783	0.12994285478139	0.0176142083027793	0.871599049820217	0.87005714521861	0.0176142083027793	9.61767184208098e-07	1.69976279566538e-05	6.28344014461171e-05
EMR1	0.0282924538379482	0.0281113717098642	0.00878889244735633	0.971707546162052	0.971888628290136	0.00878889244735633	3.77961157479863e-08	1.11682362472085e-05	5.25949915838331e-05
TLR3	0.28508116497412	0.285155862686556	0.0148597724744825	0.71491883502588	0.714844137313444	0.0148597724744825	3.95811310052783e-07	8.38849343534169e-06	1.43282968155984e-05
NDP	0	0	0	1	1	0	9.75693487130058e-08	6.8202705587727e-06	5.47417316539863e-05
PDCD1	0	0	0	1	1	0	9.65985538568315e-08	2.05329348406569e-05	0.000168070798217381
IL28A	0	0	0	1	1	0	3.77563091964428e-09	1.70314668982068e-05	0.000150596143907306
PEX16	0	0	0	1	1	0	4.11332465871249e-08	6.25493211152381e-06	1.97553947972669e-05
GBP1	0.0466396452270318	0.0492420434871195	0.0285919916518653	0.953360354772968	0.950757956512881	0.0285919916518653	1.54694526138854e-08	1.72207260460484e-05	9.67974826991286e-05
IRF7	0.0157870914243297	0.0159076892055656	0.0110770796723382	0.98421290857567	0.984092310794434	0.0110770796723382	5.93855855053721e-08	1.41012378842048e-05	6.20489711041104e-05
ERAP1	0.521747007587289	0.52205601992515	0.0154807922668306	0.47825299241271	0.47794398007485	0.0154807922668306	1.01214982606498e-06	8.60323987209125e-06	1.24782003479398e-05
EHD1	0	0	0	1	1	0	3.80088581474928e-08	1.69622205803176e-05	0.000116414272003761
FRMD3	0.317825024492722	0.317806206290841	0.0147707496013009	0.682174975507278	0.682193793709159	0.0147707496013009	2.39651137545945e-06	1.1223220749275e-05	2.80261574170357e-05
KLF4	0.499056729103715	0.499099682755074	0.0107363715069246	0.500943270896285	0.500900317244926	0.0107363715069246	1.19500328535901e-06	1.21216551587561e-05	2.34511571180452e-05
GAPDH	0	0.000103363361357543	0.000975128000793007	1	0.999896636638642	0.000975128000793015	4.06903257765768e-07	6.51054488324746e-05	0.000590598404665776
HSPA4L	0.04950295398967	0.0495385522243741	0.00594473729981391	0.95049704601033	0.950461447775626	0.00594473729981391	2.093450468146e-06	1.85860385704806e-05	0.000112729643108242
PYCARD	0.202508176098065	0.202158076845406	0.00987946389526408	0.797491823901935	0.797841923154594	0.00987946389526408	1.69928851539931e-06	1.19147190083798e-05	1.85019018600924e-05
ANXA3	0	0.000504436319753978	0.0047588427228831	1	0.999495563680246	0.0047588427228831	5.49587652017601e-07	1.87256508282437e-05	0.000130665809871202
AMPD2	0	0	0	1	1	0	4.4802914806527e-08	1.01899729900656e-05	7.55009697112034e-05
MUC2	0	0	0	1	1	0	2.36493764029298e-09	2.72602936643346e-05	0.000249826179838221
IL23A	0	0	0	1	1	0	1.79662783910693e-09	2.30245670357897e-05	0.00020882467528992
CXorf21	0.119828534571214	0.120644513704688	0.0173845549470883	0.880171465428787	0.879355486295312	0.0173845549470883	8.33908195307972e-07	7.35820296747021e-06	1.93168384724133e-05
NFKBIB	0	0	0	1	1	0	1.82812134473321e-09	1.68308946554148e-05	9.92699265205161e-05
TNFSF15	0	0	0	1	1	0	7.37673578616872e-07	2.25281572791603e-05	0.000171323049107356
IFNA2	0	0	0	1	1	0	6.50859224941622e-09	9.4100088328495e-06	8.04319949056761e-05
NT5DC2	0	0.000284518162831797	0.00155659200742677	1	0.999715481837168	0.00155659200742677	1.86695373123397e-07	7.01998661307754e-06	1.49664667038683e-05
HIVEP2	0.0222042633005843	0.0218865339516114	0.00871551953926948	0.977795736699416	0.978113466048389	0.00871551953926949	3.94663520572608e-07	1.02766615819361e-05	3.39501438592629e-05
CSF2RA	0.406766821067071	0.407868965189394	0.0249681514952463	0.593233178932929	0.592131034810606	0.0249681514952463	1.73829667780479e-06	1.5121745247814e-05	2.35325320484761e-05
MAVS	0	0.000849499089604802	0.00597033418955858	1	0.999150500910395	0.00597033418955858	1.05848334063865e-07	5.29888006925502e-06	6.94777270042982e-06
LHFP	0	0	0	1	1	0	6.86291486608487e-08	8.67446568685897e-06	6.36413103273933e-05
NOD2	0.482552622481903	0.481543587185391	0.0109074832009402	0.517447377518097	0.518456412814609	0.0109074832009402	3.30711381745762e-09	8.22969723227598e-06	1.39149013697575e-05
PHLDA1	0.226771857843014	0.226931341931567	0.014541495286212	0.773228142156986	0.773068658068433	0.0145414952862121	1.97219885561553e-07	1.01129661529381e-05	3.3503427310593e-05
BCL2A1	0	0	0	1	1	0	1.05963310546174e-08	1.35139504917734e-05	0.000117526554938324
FZD3	0	0	0	1	1	0	6.96760698102314e-08	2.37139472148387e-05	0.000185661102639301
IFNA13	0	0	0	1	1	0	6.6454015634934e-09	6.71905910555717e-06	5.50349188069447e-05
HK2	0.425915207726879	0.42590134342341	0.00933473204513205	0.574084792273121	0.57409865657659	0.00933473204513205	1.73953582923409e-08	7.50960404615418e-06	1.04165258539689e-05
MFN1	0.181702173928609	0.181863087914664	0.0122038955305243	0.818297826071391	0.818136912085336	0.0122038955305243	4.09546243207447e-08	9.89332357278848e-06	4.54975099176055e-05
NLRP3	0.321753409884722	0.321292867619477	0.0123333154517366	0.678246590115278	0.678707132380523	0.0123333154517366	4.33067324168254e-07	9.99145843790381e-06	2.06631657657658e-05
IL12B	0	0	0	1	1	0	8.05385017875042e-08	2.46327113282037e-05	0.000221178946176741
IFI27	0.211418312974423	0.211876040835929	0.0223497117840887	0.788581687025577	0.788123959164071	0.0223497117840887	8.56679982669213e-07	1.0078281525712e-05	1.72431543245847e-05
HLTF	0	0	0	1	1	0	2.07523043841108e-11	7.25522073242869e-06	5.22210134437289e-05
CUL4A	0.105134951562325	0.104301568608619	0.00842838664442502	0.894865048437675	0.895698431391381	0.00842838664442502	2.33569613836515e-09	1.43330379499876e-05	6.14696155626964e-05
MAMLD1	0	1.22211994034021e-05	0.000115294564582797	1	0.999987778800597	0.000115294564582792	2.44922634863779e-07	9.83939761177601e-06	7.27902353295862e-05
XBP1	0.443492927573054	0.443509674175031	0.0149276539265718	0.556507072426946	0.556490325824969	0.0149276539265718	2.65459623927129e-07	8.41234924076599e-06	1.48159583694233e-05
EAF2	0	0.000203214838649555	0.00172624923079552	1	0.99979678516135	0.00172624923079553	1.35385591253835e-09	8.05003685676732e-06	1.95614816184955e-05
MICA	0.0914674811464902	0.091611973804344	0.00809596209706492	0.90853251885351	0.908388026195656	0.00809596209706494	4.80286105997893e-08	1.1925254096302e-05	5.13436854526366e-05
NCAM1	0	0	0	1	1	0	1.15526124345048e-08	2.60563294501663e-05	0.0002390481539377
STAT2	0.0465689930790916	0.0480906709943319	0.0207483992062922	0.953431006920908	0.951909329005668	0.0207483992062922	3.19360415201368e-07	9.47045189905807e-06	5.47542017530333e-05
NRIP3	0	0.000536868679352047	0.003477952275489	1	0.999463131320648	0.00347795227548901	2.41387934636896e-07	8.97761714931489e-06	4.04299713700968e-05
TLR7	0.075852965225386	0.0757155195217121	0.0101934495885961	0.924147034774614	0.924284480478288	0.0101934495885961	5.4979348525631e-08	1.12266061193225e-05	6.02148091518165e-05
MYLIP	0	0.00113627947641831	0.00510677641405381	1	0.998863720523582	0.00510677641405382	3.78719732063081e-08	1.50488592069994e-05	9.31904708817654e-05
RNF149	0.0843064324835567	0.0845893830171092	0.00943185267209792	0.915693567516443	0.915410616982891	0.00943185267209793	1.22569703807102e-06	5.20798377088513e-06	8.69676285372351e-06
ECSIT	0	0	0	1	1	0	1.14373554186713e-07	2.59889651196065e-05	0.00023090207475233
SLFN5	0.841036788571533	0.841088039508579	0.00296912391942311	0.158963211428467	0.158911960491421	0.00296912391942312	5.29960944604069e-07	8.45816886675053e-06	1.15859424450894e-05
MAP2K2	0.0667824258281216	0.0655423733020306	0.0115777524161256	0.933217574171878	0.934457626697969	0.0115777524161256	1.2630875432929e-07	1.23273242243582e-05	4.57733020434996e-05
EPSTI1	0.0280851132583744	0.0286420248635398	0.00771203983858913	0.971914886741626	0.97135797513646	0.00771203983858913	6.3112064485441e-07	1.07762357708371e-05	5.94833120067986e-05
MEFV	0	0	0	1	1	0	8.06304014259496e-09	1.82763532920002e-05	0.000147841906502797
CCDC109B	0.453489000268766	0.453260679240425	0.0101096536880983	0.546510999731234	0.546739320759575	0.0101096536880983	4.35045250535485e-08	8.82267664433062e-06	1.99371358296696e-05
IL28B	0	0	0	1	1	0	4.55379306382803e-10	1.60460379931699e-05	0.000143065170097402
GCNT4	0	0	0	1	1	0	9.0713050217144e-09	2.06998174167466e-05	0.000186915915284584
PLA2G4C	0.390807228311387	0.39066251883104	0.013410159730387	0.609192771688613	0.60933748116896	0.013410159730387	2.24594911757502e-06	1.20187059852466e-05	1.90880428422977e-05
FCGR1A	0	0	0	1	1	0	2.22767706894052e-09	2.06346316320703e-05	0.000186937661974137
MAPK3	0	0	0	1	1	0	1.44577509264144e-07	1.84259800227061e-05	0.000130495989222415
PSTPIP1	0.00438914362779748	0.00483895982611754	0.00637901621355719	0.995610856372203	0.995161040173883	0.00637901621355719	1.16463024216938e-06	1.68908042299363e-05	8.39633843498056e-05
KCTD14	0	0.000252148575622909	0.00237876490490147	1	0.999747851424377	0.00237876490490148	1.06337104535856e-07	7.70450585566512e-06	2.74939847890017e-05
ATF2	0.0409182927244258	0.040905151959638	0.0094505897880054	0.959081707275574	0.959094848040362	0.0094505897880054	1.30861759938342e-06	7.35813068317109e-06	9.60225303737142e-06
CDC37	0.187510103264359	0.187623349108588	0.0103913303048918	0.812489896735641	0.812376650891412	0.0103913303048918	2.8901697914578e-07	1.09256931259404e-05	2.32759509879564e-05
IFRD1	0	0	0	1	1	0	4.15850163371807e-07	1.61875732609891e-05	0.000114148783986411
ZFYVE16	0.0115249858791023	0.0111530384787048	0.00643563375236214	0.988475014120898	0.988846961521295	0.00643563375236213	1.78510025592481e-06	9.51501041418671e-06	1.75286290365165e-05
FOS	0	0.000374329598954963	0.00249517831885772	1	0.999625670401045	0.00249517831885772	1.355183371363e-06	2.10948123799328e-05	0.000156239603083901
SLC41A2	0.411295324542873	0.412306355307909	0.0268107115191215	0.588704675457127	0.587693644692091	0.0268107115191215	1.75248402476458e-06	1.37472184858636e-05	2.24969873670021e-05
CASS4	0.471234827928642	0.470713576383081	0.0131424517898122	0.528765172071358	0.529286423616919	0.0131424517898122	2.8582390815817e-06	1.57115708225329e-05	2.1798271558923e-05
OSM	0.0579051866152358	0.0584238183418682	0.0100109153180031	0.942094813384764	0.941576181658132	0.0100109153180031	1.88402587598917e-07	1.75677718969191e-05	9.0398104234472e-05
OLR1	0	0	0	1	1	0	1.04752870023688e-07	2.88794617442354e-05	0.000218879206884632
DCBLD1	0.137727864825922	0.138210928145945	0.0118064011355655	0.862272135174078	0.861789071854055	0.0118064011355655	1.78494228916821e-06	1.04765095697542e-05	2.96517287863864e-05
IL29	0	0	0	1	1	0	1.65336605438384e-09	2.04386926446079e-05	0.000185744430468681
MAP2K3	0.0710376896300694	0.0697628942258901	0.0101367293917431	0.928962310369931	0.93023710577411	0.0101367293917431	8.96371267738802e-08	1.81301637559059e-05	6.9165432264874e-05
GFRA2	0.302907929733232	0.301670769695479	0.0118602503702996	0.697092070266768	0.698329230304521	0.0118602503702996	9.4645931602814e-08	8.15224542688665e-06	1.48421154434154e-05
IRF1	0.312057634516239	0.312085277001868	0.0121212162852841	0.687942365483761	0.687914722998132	0.0121212162852841	1.00279185900004e-06	8.83614479715831e-06	1.442351349173e-05
IKBKE	0.203109195217167	0.20178871163391	0.0097365324709384	0.796890804782833	0.79821128836609	0.00973653247093841	6.41158453828594e-08	1.38222588135534e-05	4.35431930825412e-05
NIPAL4	0	0	0	1	1	0	5.16406550750472e-09	2.06577156327273e-05	0.000186814337240016
SEMA3A	0	0	0	1	1	0	1.62536532545013e-08	5.2544735697566e-06	4.06252785803476e-05
RELA	0.0655312076026293	0.0641654725089078	0.00653528740362974	0.934468792397371	0.935834527491092	0.00653528740362974	9.54238610089564e-07	1.49886391992593e-05	3.86590154408624e-05
LRRFIP1	0	0	0	1	1	0	1.73200506489168e-06	1.9814597312004e-05	0.00011505172596988
AXL	0.191480535119689	0.19093753939562	0.0138364469189767	0.808519464880311	0.80906246060438	0.0138364469189767	6.49008019036817e-07	8.72027451530628e-06	1.42384345146002e-05
UNC5C	0	0	0	1	1	0	4.32248461327348e-08	1.79420450437892e-05	0.00014514242318774
HIRA	0.018775929157051	0.018470011063823	0.0065448259640591	0.981224070842949	0.981529988936177	0.0065448259640591	1.51192121441239e-06	1.88514871633512e-05	9.85468879172619e-05
TNFRSF1A	0.212663860240949	0.213816289625128	0.025707463425404	0.787336139759051	0.786183710374872	0.025707463425404	2.48858547566894e-07	7.81342386970202e-06	1.94327319823603e-05
ATF3	0.269107679260624	0.270406450198157	0.033057753747072	0.730892320739376	0.729593549801843	0.033057753747072	1.66656716929662e-06	1.41813290547185e-05	2.54165303983572e-05
IL1F9	0	0	0	1	1	0	2.74684309267574e-08	1.0967858619589e-05	9.51129656829563e-05
NFKBIA	0.516604545555276	0.517191072780759	0.0196983888497057	0.483395454444724	0.482808927219241	0.0196983888497057	1.08052373062517e-06	1.53260423847736e-05	3.04605077101624e-05
TMPRSS13	0.146620693703915	0.14600818181681	0.0122627419750436	0.853379306296085	0.85399181818319	0.0122627419750436	2.9557146964301e-06	1.67578224618683e-05	3.72324758933088e-05
TEC	0.113306409638082	0.11266859012397	0.00985909795669485	0.886693590361918	0.88733140987603	0.00985909795669486	8.44393043039012e-08	9.95552538477416e-06	3.39911216677808e-05
TMEM229B	0.182330959115279	0.182614501810854	0.0106173002132737	0.817669040884721	0.817385498189146	0.0106173002132737	6.3594761588393e-07	8.94233906682592e-06	2.22246980183273e-05
NFE2L3	0.0895512107788435	0.0884373596739049	0.00815437814158264	0.910448789221156	0.911562640326095	0.00815437814158265	9.61040572144365e-08	1.45642176486918e-05	4.68863977264428e-05
OAS1	0.0863626846880671	0.0871629698605071	0.0143566845271889	0.913637315311933	0.912837030139493	0.0143566845271889	6.65712080834404e-08	1.02515400299627e-05	4.47924090501817e-05
TMEM173	0.224003041914351	0.223571224452332	0.0161027396387267	0.775996958085649	0.776428775547668	0.0161027396387267	1.02424326320721e-06	1.21397136959864e-05	2.93229324317307e-05
TAB1	0	0.000280095571768198	0.0020275680178882	1	0.999719904428232	0.0020275680178882	6.91059837075837e-08	5.31984891998316e-06	1.07966897509464e-05
IFNA21	0	0	0	1	1	0	8.02377669785584e-09	2.450678216616e-05	0.000223561460881633
STAT1	0.042670970284229	0.0440537545911905	0.0189708978663951	0.957329029715771	0.95594624540881	0.0189708978663951	2.79056687869554e-07	1.84509860712758e-05	0.000113616469896586
SLC1A3	0.0293843794162044	0.0289949524258111	0.011926153666173	0.970615620583796	0.971005047574189	0.011926153666173	1.41402632326041e-07	9.29910323853864e-06	1.83736560530976e-05
CARD9	0.407165135936206	0.407064639167682	0.0103043856268337	0.592834864063794	0.592935360832318	0.0103043856268337	1.64034064607711e-06	1.09832632296491e-05	1.77958401083535e-05
FRG2B	0	0	0	1	1	0	4.11711897268819e-09	6.50433777473643e-06	4.86601088454812e-05
HMGB2	0.288835696301088	0.2891476030714	0.0129788923780445	0.711164303698912	0.7108523969286	0.0129788923780446	2.94569315203965e-07	1.08789694459944e-05	2.22227465836226e-05
JAK1	0.0663280099648147	0.0653791249114505	0.00658771939173735	0.933671990035185	0.93462087508855	0.00658771939173735	6.22376689931235e-09	8.47281440092889e-06	1.24478473768139e-05
C9orf30	0.222865821897851	0.222026911253034	0.0127292337704455	0.777134178102149	0.777973088746966	0.0127292337704455	1.22749758304352e-08	1.4642016879629e-05	3.60776820438084e-05
ST8SIA6	0.0144127518206536	0.0142349912270268	0.00962260422143658	0.985587248179346	0.985765008772973	0.00962260422143658	1.33522959042236e-09	1.03045014803064e-05	5.22094276989738e-05
IKBKG	0.0979382326520113	0.0980060456153259	0.00966477378094017	0.902061767347989	0.901993954384674	0.00966477378094018	9.55215204005724e-07	1.12702125064027e-05	3.71772125314792e-05
RGS2	0	0.00217476769007474	0.011107111727034	1	0.997825232309925	0.011107111727034	7.26000072809994e-08	8.03806193988767e-06	1.85703450910538e-05
JUN	0.350035985365996	0.350298509899491	0.0111387215034562	0.649964014634004	0.649701490100509	0.0111387215034562	1.34819741629621e-06	1.26689792345452e-05	2.17882035543083e-05
RBM6	0.165153610623791	0.165057012834808	0.00697064194985006	0.834846389376209	0.834942987165192	0.00697064194985006	3.3389652871373e-06	1.00247858137166e-05	1.27976032263449e-05
NMI	0	0	0	1	1	0	7.4760464623107e-07	8.85437738599157e-06	3.68405564823446e-05
MVK	0	0	0	1	1	0	2.41138218277109e-08	2.57126536294995e-05	0.000217539226450629
C6orf192	0.29586388056471	0.295661669673876	0.0124076567474858	0.70413611943529	0.704338330326124	0.0124076567474858	7.54773356110629e-07	1.42743880290575e-05	3.48641592897695e-05
ABCF1	0	0	0	1	1	0	1.08147322207334e-06	2.35637434114556e-05	0.000167412173582453
GADD45A	0.59839307631741	0.598318331004047	0.0143726013510062	0.40160692368259	0.401681668995953	0.0143726013510062	1.26480889944544e-06	1.39222883564955e-05	2.33177875532967e-05
JAK2	0.200018750109847	0.200345477065598	0.0154826003351072	0.799981249890153	0.799654522934402	0.0154826003351072	1.08803355007317e-06	7.22137565629638e-06	1.24150630749722e-05
CTLA4	0.0909666583750771	0.0907725887113216	0.00714593117714055	0.909033341624923	0.909227411288678	0.00714593117714056	9.7583745854471e-07	1.50527026866055e-05	9.79392993093993e-05
CYP27B1	0	0.000126226636356484	0.00119081970575004	1	0.999873773363643	0.00119081970575003	2.80442640264361e-07	1.83874795692145e-05	0.000136764715312443
CD86	0.166802112032148	0.166577767775312	0.0100016857044941	0.833197887967852	0.833422232224688	0.0100016857044941	4.342980113292e-07	8.59344169396154e-06	1.40288369189222e-05
SLC46A3	0.351681771688354	0.351333747674595	0.0105903442215606	0.648318228311646	0.648666252325405	0.0105903442215606	1.50506409540893e-08	9.14859497836803e-06	1.60931350983849e-05
ATG9A	0	0.000865853877232258	0.00459659343871744	1	0.999134146122768	0.00459659343871743	4.16025963744567e-07	2.28970265927172e-05	0.000168656970213134
TBK1	0	0.00148409463434878	0.0108999052615171	1	0.998515905365651	0.0108999052615171	1.71267327763212e-06	1.02273095307534e-05	2.36324552695502e-05
PTK2B	0.545027393470449	0.544601298535175	0.00659205854210483	0.454972606529551	0.455398701464825	0.00659205854210483	6.65055105174094e-08	9.38466706432066e-06	1.32916249594654e-05
TNFSF10	0.198369591745137	0.199104833658972	0.0167705201832335	0.801630408254863	0.800895166341028	0.0167705201832336	8.59053786952745e-07	1.0622161919023e-05	4.66838609367507e-05
SCLT1	0.0618693862582542	0.0611501435581681	0.00957375515230673	0.938130613741746	0.938849856441832	0.00957375515230674	1.74031881843872e-06	1.00780174609773e-05	2.12413660752789e-05
CYLD	0	0	0	1	1	0	9.14155777903796e-10	2.00761815064329e-05	0.000152860197529684
STAT6	0.0165382031621536	0.0176080932081308	0.0150894191124971	0.983461796837847	0.982391906791869	0.0150894191124971	2.82776375376067e-07	1.98960499389599e-05	0.000127492851961569
SCN3A	0	0	0	1	1	0	3.79774439829909e-09	1.24083567355554e-05	0.000108124084770247
AQP9	0.283668784545008	0.283453073298939	0.0156121889981122	0.716331215454992	0.716546926701061	0.0156121889981122	3.31696014167032e-06	1.37200924709323e-05	4.36844407696407e-05
IRF3	0	0	0	1	1	0	1.99753682245941e-09	1.6439273136565e-05	0.00011724462300354
CREB1	0.283630943719638	0.28295837650883	0.0114471751429996	0.716369056280362	0.71704162349117	0.0114471751429996	5.28793090663508e-07	7.59842619458889e-06	1.08747167283892e-05
SLCO5A1	0.0776481723710939	0.0768890615612343	0.0076384460840347	0.922351827628906	0.923110938438766	0.0076384460840347	2.22500441787134e-07	1.33242810206647e-05	7.13607909834081e-05
RIPK1	0.0839390029055458	0.0833239135078564	0.00804790962266919	0.916060997094454	0.916676086492144	0.0080479096226692	3.70243171708416e-07	1.07385515508073e-05	2.78088822558212e-05
FCGR2B	0.397376397778451	0.397329731642866	0.0142511631697474	0.602623602221549	0.602670268357134	0.0142511631697474	9.84575240126312e-08	9.68774356783956e-06	2.44021709217017e-05
VCAN	0.231061750164314	0.231559199256052	0.0185228994069608	0.768938249835686	0.768440800743948	0.0185228994069607	2.11156044709533e-07	1.322608180978e-05	3.68090954404827e-05
FAS	0	4.46912005690459e-05	0.000421615942937336	1	0.999955308799431	0.000421615942937335	2.46559440488042e-09	2.43571839125892e-05	0.000203390129638728
KMO	0.250344628361916	0.250045847677813	0.017030014485641	0.749655371638084	0.749954152322187	0.017030014485641	5.00582969881087e-07	1.33197472380822e-05	3.11353388889838e-05
TLR9	0	0	0	1	1	0	1.6520088846672e-09	1.97242618862004e-05	0.000176100280826225
LRMP	0.180187193065162	0.181002769009202	0.0158449735944094	0.819812806934838	0.818997230990798	0.0158449735944094	5.3028239371588e-07	1.24455506813041e-05	6.13575612916868e-05
VAV2	0	0	0	1	1	0	6.06831948149308e-07	8.16216248160282e-06	2.52371515518469e-05
TGFB1	0.295826217487736	0.29522590064868	0.00831407951261658	0.704173782512263	0.70477409935132	0.00831407951261658	2.38728382770866e-07	1.13583332347147e-05	2.31295504388761e-05
AP2A2	0.339293695111633	0.339769716677187	0.0139257162098094	0.660706304888367	0.660230283322813	0.0139257162098094	1.07736417479982e-09	1.09544405279439e-05	2.97105716593118e-05
UNKL	0	0	0	1	1	0	3.7129421567756e-09	1.06680135856397e-05	9.00594862229853e-05
TRAF3	0.0255014093436891	0.0249001159141234	0.00878357693566039	0.974498590656311	0.975099884085877	0.00878357693566039	1.14879983482607e-08	1.44883273290054e-05	6.63302412643383e-05
CCL1	0	0.00014511121016799	0.00136897641877471	1	0.999854888789832	0.00136897641877471	4.48246021571244e-08	1.55273699610912e-05	0.000119090723785828
CD48	0.0422937859673863	0.0418028716954677	0.0102954954675156	0.957706214032614	0.958197128304532	0.0102954954675156	3.39562332256446e-08	1.17895368602875e-05	3.71172655000005e-05
WDFY4	0.572643090453604	0.572467099551191	0.0111855487948707	0.427356909546396	0.427532900448809	0.0111855487948707	2.49660702936989e-06	1.26706352324724e-05	1.57909458942933e-05
C15orf48	0.358312647426649	0.358389796796682	0.0245485246865986	0.641687352573351	0.641610203203318	0.0245485246865986	1.81104676957526e-07	7.99227090001765e-06	1.41774466112827e-05
LIPH	0	0	0	1	1	0	1.91569005425146e-09	1.10407302741481e-05	9.56586209206068e-05
TNFRSF10A	0	0	0	1	1	0	6.92354744393897e-08	1.55592336027368e-05	0.00010095069080167
MX1	0	9.04549621524115e-05	0.000853350406246744	1	0.999909545037848	0.000853350406246751	6.61102341753926e-07	2.72925651599597e-05	0.000228731538056901
LGALS3BP	0.0354703874721293	0.0347839655617085	0.00919252509959043	0.964529612527871	0.965216034438292	0.00919252509959043	8.46269566814212e-07	1.16369048660533e-05	1.95424100913996e-05
P2RY13	0.219494523007161	0.219018775897601	0.0117574665069107	0.780505476992839	0.780981224102399	0.0117574665069107	9.58235422043422e-07	1.56439039772965e-05	5.30042757453345e-05
PI4K2B	0.53621940130053	0.535494497795395	0.019451796560168	0.46378059869947	0.464505502204605	0.019451796560168	9.56279207813051e-07	8.27887164853696e-06	2.61574959335124e-05
GK	0	0	0	1	1	0	3.26080426831487e-10	3.60295647772776e-05	0.000330957046371579
ZNF280D	0.0326310667673169	0.0324776057238758	0.00643286009349834	0.967368933232683	0.967522394276124	0.00643286009349835	4.31417536635474e-08	1.21607230979986e-05	7.23403558920087e-05
AIM2	0	0.000464287284613051	0.00361056065396634	1	0.999535712715387	0.00361056065396634	8.65296812092458e-09	5.9444205497142e-06	1.09337656891938e-05
DEPDC7	0	0	0	1	1	0	3.51163349569351e-08	6.18047323991442e-06	4.54960880835647e-05
IL7	0	0	0	1	1	0	1.26785624375858e-07	1.51790406424374e-05	0.000124657012430024
SPRY2	0	0.000831972087910775	0.00441007935953895	1	0.999168027912089	0.00441007935953894	1.19042492786949e-06	1.92193670087949e-05	0.000149494413307244
MAPK1	0.0447635789488947	0.0445376531697293	0.00927840149159908	0.955236421051105	0.955462346830271	0.00927840149159908	6.05342648077268e-09	8.92197507672854e-06	1.95396258401687e-05
TYK2	0	0.00112239625076504	0.00634308705179272	1	0.998877603749235	0.00634308705179271	9.56853285913551e-07	8.01134057886943e-06	1.33690859869208e-05
IFNA17	0	0	0	1	1	0	1.69446167194019e-10	3.02928131919071e-05	0.000278566247374781
PLK2	0	0	0	1	1	0	3.75111138173757e-08	1.07640396059654e-05	8.88987300741903e-05
HARS	0	0	0	1	1	0	8.71007722946103e-09	2.04420240400456e-05	0.000149736374426188
RBM43	0.0999455127622963	0.100197255029567	0.0072535259625738	0.900054487237704	0.899802744970433	0.0072535259625738	2.98469852509746e-08	1.49069330433494e-05	9.56525500251218e-05
ABHD10	0	0	0	1	1	0	1.56437198114582e-07	2.02120053129364e-05	0.000145925168494332
SNORD3A	0.026141151286501	0.0261207799374306	0.00835366610827721	0.973858848713499	0.973879220062569	0.00835366610827721	4.27728697770924e-07	1.31104828194591e-05	6.98460557105141e-05
LPIN2	0.0167248766406776	0.0169940885690252	0.00839376641992986	0.983275123359322	0.983005911430975	0.00839376641992986	7.43480247698913e-07	1.75371875454437e-05	9.36476565981103e-05
ORMDL3	0.0435058733181802	0.0433797185516381	0.00924624752472335	0.95649412668182	0.956620281448362	0.00924624752472335	6.24639275880489e-07	1.19153754324357e-05	5.01518200202882e-05
TRIM56	0.0666641604224825	0.0660355362031892	0.00509986693730464	0.933335839577517	0.933964463796811	0.00509986693730463	3.64526636897898e-07	1.50358292465345e-05	8.11711479046137e-05
TLR8	0.359597922907052	0.359526800732706	0.00962566709534261	0.640402077092948	0.640473199267294	0.00962566709534261	2.26228242175586e-07	1.00664913969856e-05	1.96210917591611e-05
PCDHGC5	0	0	0	1	1	0	1.03055080301125e-08	2.31633655253867e-05	0.000210874288157526
GSTM3	0	0	0	1	1	0	1.08930127036155e-08	2.67355096720511e-05	0.000246056218881799
HMGB3	0	0	0	1	1	0	3.83687909840866e-09	2.59202916049269e-05	0.000231067157770611
TLR4	0.372137144846484	0.371737644064981	0.0142711199615651	0.627862855153516	0.628262355935019	0.0142711199615651	7.10992687264053e-12	7.66363184507659e-06	1.74322570183305e-05
SLC8A1	0.03361787308585	0.0336304739998478	0.00775088969205266	0.96638212691415	0.966369526000152	0.00775088969205266	7.0087026844769e-10	8.95682918080312e-06	3.20552257415175e-05
BCL2L14	0.0717668090045106	0.0717489744917367	0.0088583802730912	0.92823319099549	0.928251025508263	0.00885838027309119	6.99258899864937e-07	2.04454439897996e-05	0.000142341665139678
ELP2	0.399952636066232	0.400495981960636	0.0231994540994284	0.600047363933769	0.599504018039364	0.0231994540994284	5.62647057849552e-07	1.35341763254129e-05	4.18399417920518e-05
ARL5B	0.0768590296353403	0.0763992179160993	0.00839619816010817	0.92314097036466	0.923600782083901	0.00839619816010817	1.90610181799693e-06	1.26474087402377e-05	3.6647297360957e-05
IRF5	0.184231807347022	0.185373048364884	0.0365885169727161	0.815768192652978	0.814626951635116	0.0365885169727161	1.78181880728248e-06	1.03677674891102e-05	2.68040020218024e-05
LIFR	0	0	0	1	1	0	9.29096562954103e-09	1.90502024074607e-05	0.000172289880522167
SCG3	0	0	0	1	1	0	1.82876074410194e-07	1.84092863042205e-05	0.000145022989723352
LGALS2	0.812629155479339	0.812163643534286	0.00494722662120446	0.187370844520661	0.187836356465714	0.00494722662120446	5.75469676975017e-07	9.57520327462343e-06	1.05224426869158e-05
RELB	0.246196431250466	0.24568332582881	0.013408428608753	0.753803568749534	0.75431667417119	0.013408428608753	1.53933805071171e-06	1.15802009292777e-05	1.62837905399324e-05
HPSE	0.383062654337119	0.38253166146288	0.0125368838106977	0.616937345662881	0.61746833853712	0.0125368838106977	5.47652636033032e-09	9.59279332139177e-06	1.94618491848553e-05
PIM1	0.173855912024592	0.174111728174319	0.0145686565799642	0.826144087975408	0.825888271825681	0.0145686565799642	2.8874782358814e-06	1.53875978558033e-05	3.2334773628296e-05
VCAM1	0	0	0	1	1	0	1.21022635518397e-08	1.05742983616697e-05	3.251672331142e-05
IL4R	0.214338256389933	0.214394893733997	0.0144789076677955	0.785661743610067	0.785605106266003	0.0144789076677955	3.99271651348626e-07	9.13642803350944e-06	1.29665846220631e-05
ADORA3	0.495048970434976	0.495509010391835	0.0146502223131363	0.504951029565024	0.504490989608165	0.0146502223131363	9.91083544009231e-09	8.84928240238841e-06	1.6801622374585e-05
IL12A	0	0	0	1	1	0	8.80944964363976e-09	1.80925168421681e-05	0.000163068608840732
NFXL1	0.714800351846364	0.715014538467721	0.0134964863722684	0.285199648153636	0.284985461532279	0.0134964863722684	4.86783990874662e-07	9.30934940996844e-06	1.23311746068132e-05
MAU2	0.0457247393121571	0.0456026248576963	0.0028111320084696	0.954275260687843	0.954397375142304	0.0028111320084696	3.87629066360876e-07	2.83870660202632e-05	0.000237857968467499
TNIP3	0	0.000271176133307242	0.00163612725181365	1	0.999728823866693	0.00163612725181364	7.93804486789411e-09	2.11034636713554e-05	0.000171567791255379
TLR1	0	0.000111397718915093	0.00105092397839913	1	0.999888602281085	0.00105092397839914	8.45151378272303e-09	8.22332813516736e-06	3.37888579447848e-05
TRAF6	0.0456624649268227	0.0452920616778789	0.00712009797395043	0.954337535073177	0.954707938322121	0.00712009797395043	1.8222970776436e-06	1.04155306984727e-05	2.6653683427846e-05
CH25H	0.143246110298706	0.143526264266215	0.00992114180856717	0.856753889701295	0.856473735733785	0.00992114180856717	1.00645134136584e-07	8.43796474328578e-06	3.99722893781677e-05
PGAP1	0.0782855223507873	0.07833918125974	0.00608056802768165	0.921714477649213	0.92166081874026	0.00608056802768165	6.40079057747836e-07	9.3088902368555e-06	3.02159736398429e-05
CARD8	0	0	0	1	1	0	8.09790710889383e-07	6.2935137461939e-06	1.46866296557453e-05
PTX3	0	0.00025443863159179	0.00168914444691461	1	0.999745561368408	0.00168914444691461	7.7579659793627e-10	1.80505557289903e-05	0.000129777057038797
TTC39B	0.27353734128212	0.273978417571317	0.0166679523915991	0.72646265871788	0.726021582428683	0.0166679523915991	8.55759288275906e-12	1.24468028841328e-05	3.8887485724293e-05
GNAS	0	4.0526883900123e-05	0.000382329858054809	1	0.9999594731161	0.000382329858054815	3.36263044501896e-06	1.11114753485691e-05	2.04410313133451e-05
GTPBP2	0.095508237551187	0.0952823376415069	0.00820766589394826	0.904491762448813	0.904717662358493	0.00820766589394826	6.2385845269359e-07	9.35883388829925e-06	1.74970289398596e-05
UBE2N	0	0	0	1	1	0	5.50509930104837e-09	3.11929938092122e-05	0.000287618633256859
HBEGF	0	0	0	1	1	0	2.6216906566809e-10	3.52038192943927e-05	0.000314947335951401
MSR1	0.630800190995707	0.630476127865734	0.00797441383284959	0.369199809004293	0.369523872134266	0.00797441383284959	1.01787587469334e-06	9.10008378022733e-06	1.21397559395253e-05
ALOX15B	0.279629854047742	0.279634189596245	0.0178248917918869	0.720370145952258	0.720365810403755	0.0178248917918869	1.51379137679714e-07	7.49237856045126e-06	1.31728561194941e-05
OTUD5	0.250319256538823	0.250159614454629	0.0108390551745152	0.749680743461177	0.749840385545371	0.0108390551745152	6.19970493561521e-07	8.96901859942177e-06	1.56006007668954e-05
IL12RB1	0	0	0	1	1	0	3.30090532551493e-08	1.2208209673501e-05	8.94934000807102e-05
MMP10	0.249773762100208	0.249226476038244	0.0182984588873381	0.750226237899792	0.750773523961756	0.0182984588873381	4.19070286627606e-06	1.90187895116818e-05	4.16345896217792e-05
CD24	0.205929214272875	0.206131330153199	0.0145494332055918	0.794070785727125	0.793868669846801	0.0145494332055918	1.21226107041674e-06	1.17870278467211e-05	4.02971294576478e-05
ETS2	0.170583974011848	0.1701043140835	0.0143011467598585	0.829416025988152	0.8298956859165	0.0143011467598585	8.14789905060457e-08	1.27508023272862e-05	3.35396065985306e-05
MAP2K1	0.163846880598403	0.164107070487805	0.0137739672579372	0.836153119401597	0.835892929512195	0.0137739672579372	3.08056573524954e-08	1.58044139306868e-05	7.25938976861369e-05
IFNE	0	0	0	1	1	0	5.82513930832634e-09	2.11404843413958e-05	0.000189007692136016
HPS1	0	0	0	1	1	0	2.65632262176423e-07	1.3023039946926e-05	1.98177878056253e-05
TICAM1	0.223952490451633	0.224462443592446	0.0201404320227374	0.776047509548368	0.775537556407554	0.0201404320227374	3.76930368007048e-06	1.42873368516172e-05	2.45316844381075e-05
EDN1	0	0	0	1	1	0	5.41465042513906e-09	2.79783440645398e-05	0.000255750429462055
DDX3Y	0.153604665175822	0.152585012770603	0.0196341887703618	0.846395334824179	0.847414987229397	0.0196341887703618	5.48274175373319e-08	1.02353151233039e-05	3.67717205795058e-05
IRAK3	0.00513807574457952	0.00539910632283765	0.00677220046929942	0.99486192425542	0.994600893677162	0.00677220046929943	2.22071210241448e-07	1.97194277576341e-05	0.000137002506595492
MYD88	0.0697372665863146	0.07017536552338	0.0170574340958524	0.930262733413685	0.92982463447662	0.0170574340958524	1.12653522962455e-08	8.72401949049207e-06	2.09899818414409e-05
DCTN5	0.371117055565318	0.370754314299845	0.0130157676760296	0.628882944434682	0.629245685700155	0.0130157676760296	6.85112834186652e-08	8.07598057512251e-06	1.27057690713735e-05
IL10	0	0.00176838415094889	0.00753582981634487	1	0.998231615849051	0.00753582981634488	5.75507390275992e-07	7.9922062210305e-06	2.40090801727322e-05
TAB3	0.00627779569289605	0.00687227765291961	0.00605026637100343	0.993722204307104	0.99312772234708	0.00605026637100343	9.56594139631718e-07	8.4293790961248e-06	1.77397656770893e-05
FBN2	0	0	0	1	1	0	3.49247447243272e-09	1.04467266219645e-05	7.11012869073973e-05
ZNF513	0	0.000711907305241218	0.00486099009205183	1	0.999288092694759	0.00486099009205184	6.69363525872625e-07	7.62019343576326e-06	3.95736038870751e-05
NCRNA00152	0	0	0	1	1	0	5.70935854309402e-08	5.01016800931022e-06	3.65355974753721e-05
TRAF1	0.582834232244206	0.582640298430491	0.0127826419705943	0.417165767755794	0.417359701569509	0.0127826419705943	2.29307202553014e-07	1.15611086785202e-05	2.17255904872026e-05
STAT4	0	0.000482084863273951	0.00454797950417654	1	0.999517915136726	0.00454797950417654	3.49869907470273e-07	2.03713346418584e-05	0.00014133965853259
TRIM25	0.180704262796816	0.180565786945492	0.00833487437169887	0.819295737203184	0.819434213054508	0.00833487437169887	3.73505609084544e-07	7.65040928621582e-06	1.34498029622152e-05
ASPHD2	0	0	0	1	1	0	1.55113120305733e-08	2.66875949447691e-05	0.000238982156309028
ANO5	0.00344082986841612	0.00383500035609218	0.00621839202503915	0.996559170131584	0.996164999643908	0.00621839202503916	4.49656394877377e-08	1.66949886074576e-05	0.00012460309208946
IFNA4	0	0	0	1	1	0	6.02664937876431e-09	2.72681662941925e-05	0.000249936677964723
ZFY	0	0.000180443166822135	0.00120701560269926	1	0.999819556833178	0.00120701560269925	4.43052384507383e-08	5.12992318691046e-06	1.95100156852956e-05
ATRIP	0	0	0	1	1	0	4.7105154576196e-11	1.92206677348216e-05	0.000157224074991423
CASP1	0.120845895227153	0.121286346951577	0.0134427284359124	0.879154104772847	0.878713653048423	0.0134427284359124	1.33315833018632e-07	7.82380813687581e-06	2.18767774248364e-05
PLAU	0.489267121911315	0.488686245394884	0.0127372999188768	0.510732878088685	0.511313754605116	0.0127372999188768	5.69207195081614e-07	1.42225836322759e-05	2.83124477445387e-05
NLRX1	0	0	0	1	1	0	4.03147501507257e-09	1.53895134115465e-05	0.000131532007585107
APOBEC3A	0	0	0	1	1	0	1.13149744132862e-09	9.67289258613934e-06	6.3125123235003e-05
MED30	0	0	0	1	1	0	4.08485866761032e-07	1.35772799617698e-05	9.13625313619958e-05
PTPN1	0.337006544000586	0.336874119210118	0.0114837704400078	0.662993455999414	0.663125880789882	0.0114837704400078	1.45910274039277e-07	1.05268804859066e-05	2.60397459634622e-05
FGD4	0.182589975264532	0.182086768010588	0.0109760439059088	0.817410024735468	0.817913231989412	0.0109760439059088	7.90725335009052e-07	1.00061433911015e-05	2.23132902150944e-05
KIAA0040	0.127138417551675	0.126921535218384	0.00800578720078509	0.872861582448325	0.873078464781616	0.0080057872007851	4.28841730232886e-07	9.02007239709672e-06	1.65548071017662e-05
CD3E	0.0159023061603367	0.0172397990319858	0.0156802554023359	0.984097693839663	0.982760200968014	0.0156802554023359	4.50075092855486e-08	9.64209851534659e-06	3.60218166885491e-05
STEAP4	0.300779652179702	0.299026381902225	0.0368041455250467	0.699220347820298	0.700973618097775	0.0368041455250467	8.2781816860461e-08	2.9089852925568e-05	0.000208727386089244
TNC	0	0	0	1	1	0	1.70464290993719e-07	1.0001061155526e-05	8.27935887181478e-05
COBLL1	0	0	0	1	1	0	1.66392852274416e-07	1.9846974891592e-05	0.000171985567268207
IL18	0	8.97825304732832e-05	0.000756799304172058	1	0.999910217469527	0.000756799304172058	5.12016714210824e-08	1.61935071986153e-05	0.000118615633638879
TNFSF8	0.16109531716449	0.16162684496125	0.0123126011813455	0.83890468283551	0.83837315503875	0.0123126011813455	7.22816862975233e-10	1.50744564573211e-05	7.12472367894831e-05
PRRG4	0.00436860024286456	0.0045285262253102	0.00346377489980496	0.995631399757135	0.99547147377469	0.00346377489980496	6.5273569086084e-08	1.70563939140688e-05	0.000117596680429902
IRF9	0.0639401006313433	0.0640317760659644	0.00582440089809413	0.936059899368657	0.935968223934036	0.00582440089809412	6.55855106221612e-07	3.77206312735093e-06	7.33196617440267e-06
ITGB8	0.021946081070804	0.0220198665024344	0.00654111647116544	0.978053918929196	0.977980133497566	0.00654111647116544	1.75458547324342e-06	9.17546764013802e-06	3.85558656843267e-05
SLC44A2	0.0663370863246211	0.0657523136822006	0.0122350864038201	0.933662913675379	0.934247686317799	0.0122350864038201	3.48365093300723e-07	1.51812766612701e-05	7.7401164114774e-05
HRH4	0	0	0	1	1	0	4.38650006104059e-08	1.18177724430651e-05	0.000101053004213905
PTMA	0.0534734667471375	0.0535467391419355	0.00482467393573836	0.946526533252862	0.946453260858064	0.00482467393573836	1.20981213888067e-07	1.37951200989727e-05	6.76095266073803e-05
GPR68	0.105940083901169	0.105933069415304	0.0141463521722486	0.894059916098831	0.894066930584696	0.0141463521722486	3.50078137390533e-10	1.42094455256427e-05	4.89717538951878e-05
GEM	0	0	0	1	1	0	1.55406412419561e-08	2.97631098234983e-05	0.000273049502456665
UBE2E1	0	0	0	1	1	0	8.22668393006874e-09	1.52939240990521e-05	0.000129566700949657
C3orf59	0.0113361610856885	0.0111044477656615	0.00568381397841095	0.988663838914312	0.988895552234339	0.00568381397841095	8.38104712122456e-07	2.04755491154942e-05	0.000118006730319008
SEMA3D	0	0	0	1	1	0	2.0336349071315e-09	2.36822215854324e-05	0.000215549154361638
CREM	0.554511745046122	0.553858258731381	0.00947430838673557	0.445488254953878	0.446141741268619	0.00947430838673558	2.8320489988167e-07	8.2508697263788e-06	1.07578841150426e-05
STAT3	0.0549205251289445	0.0557101579157157	0.0121065523388671	0.945079474871055	0.944289842084284	0.0121065523388671	4.68527997764541e-07	1.72289276923851e-05	0.000109897340489868
NFKB2	0.538184442425809	0.53762202276568	0.00843761721354052	0.461815557574191	0.46237797723432	0.00843761721354051	9.1145256484793e-07	1.47279532612919e-05	2.53625400662497e-05
SLC7A5	0	0.000302993851756503	0.0028584382806	1	0.999697006148244	0.0028584382806	4.88163983705719e-11	2.43293192325054e-05	0.000180669077350164
IRAK1	0.130902035961797	0.130221132489999	0.00902354797470424	0.869097964038203	0.869778867510001	0.00902354797470423	2.60377259370794e-07	9.21482763865151e-06	1.99448823844325e-05
REL	0.461271130466594	0.461167101417384	0.0128656221739096	0.538728869533406	0.538832898582616	0.0128656221739096	1.61335523522893e-06	1.18284873877405e-05	1.96910768507022e-05
OTOF	0.370202802284114	0.370409588354868	0.0169483486510496	0.629797197715886	0.629590411645132	0.0169483486510496	9.20390208946902e-07	1.21525665102403e-05	2.44448286941702e-05
OR52K3P	0.0405997035054929	0.0407113474624694	0.00360357292598807	0.959400296494507	0.959288652537531	0.00360357292598807	6.66427551352728e-08	1.37008197974994e-05	9.82042902653113e-05
FADD	0	0	0	1	1	0	4.90263969623344e-08	2.49773530968728e-05	0.00022072135623644
NUPR1	0.408983370555409	0.408644165772341	0.0145807280634657	0.591016629444591	0.591355834227659	0.0145807280634658	2.17928477662059e-07	8.29566983936342e-06	1.89858803887062e-05
CD2AP	0.270943335553168	0.27108408878656	0.0128899725891214	0.729056664446832	0.72891591121344	0.0128899725891214	8.62472078005664e-07	1.24539702287167e-05	3.15877859990792e-05
GCOM1	0	0.000149545667736754	0.00141081100780934	1	0.999850454332263	0.00141081100780934	8.83521150995884e-09	2.16808605979864e-05	0.000170187144622288
GSTT1	0.821411829836881	0.821405286477142	0.00836842257174824	0.17858817016312	0.178594713522858	0.00836842257174824	7.02052374540208e-10	8.73385211237063e-06	1.17499719117135e-05
DTX4	0	0.000138943129809812	0.00120852861932725	1	0.99986105687019	0.00120852861932725	5.79775355405684e-08	6.72718641658299e-06	2.30436079015011e-05
SAMHD1	0	0.00142127120770779	0.00804707352859503	1	0.998578728792292	0.00804707352859502	7.78224823550983e-08	1.18246763493772e-05	7.31587392002466e-05
IFNGR1	0	0	0	1	1	0	9.46027594659071e-07	9.31870876566329e-06	2.17601213472397e-05
TAB2	0.0538399864079223	0.0536675301676948	0.00826935150393506	0.946160013592078	0.946332469832305	0.00826935150393506	7.24879285342239e-10	8.26717635757606e-06	1.50586534495746e-05
NRG4	0	0	0	1	1	0	8.2219244824688e-09	6.80525012269831e-06	5.50193588061077e-05
EIF1AY	0.0066006210167755	0.00729081546312715	0.00510637758572949	0.993399378983225	0.992709184536873	0.00510637758572949	1.00730318664017e-09	2.14675178044018e-05	0.000160178448766437
FAM135A	0.102657080917706	0.10324526729531	0.0139022764958327	0.897342919082294	0.89675473270469	0.0139022764958327	1.63870609910669e-06	1.09894564698177e-05	2.03262505126665e-05
DKK1	0	0	0	1	1	0	3.06591011691702e-09	6.81628324678548e-06	5.50423038232853e-05
IFNA5	0	0	0	1	1	0	8.17562070279122e-09	2.45052765340079e-05	0.000223796291483961
RGS1	0.0717761677657355	0.0707132440265679	0.0112572106298664	0.928223832234265	0.929286755973432	0.0112572106298664	2.55634432349067e-07	9.70274277163304e-06	3.37003995808978e-05
FCGR2C	0.431921237318041	0.431863574334246	0.0130142286702672	0.568078762681959	0.568136425665754	0.0130142286702672	1.82845400572191e-07	1.01903822623805e-05	2.71220718615545e-05
PAPD5	0	0	0	1	1	0	6.22024106152189e-08	1.08639452387789e-05	8.72274934716655e-05
ANKRD28	0	0	0	1	1	0	4.76373360766067e-10	2.43069536423317e-05	0.000217507765605188
CLEC4F	0.344439669981964	0.344143510831426	0.018419375708293	0.655560330018036	0.655856489168574	0.018419375708293	3.33887684697051e-10	9.73333264483959e-06	1.34155601399058e-05
TMEM178	0	0	0	1	1	0	1.72468670427225e-08	3.53597737112981e-05	0.000326921826740815
C3	0	0	0	1	1	0	9.94710527844035e-08	6.24290041778928e-06	3.23583271257459e-05
CCL7	0.48694827204025	0.486076512508484	0.0119914627270822	0.51305172795975	0.513923487491516	0.0119914627270822	4.25026964749857e-06	1.39796037028292e-05	2.7234799744378e-05
C15orf26	0	0	0	1	1	0	9.22785660552866e-09	2.00501316373913e-05	0.000179048619124072
GYPA	0	0	0	1	1	0	4.37367267193743e-09	1.97626549924934e-05	0.00017816702302026
ZFP57	0	0	0	1	1	0	4.75926059250614e-08	2.71251554102393e-05	0.000238774699278669
IL6	0.333291996448621	0.332104986828733	0.0127496553757224	0.666708003551379	0.667895013171267	0.0127496553757224	6.6273143807481e-08	1.56910819231437e-05	4.43285871186153e-05
ANKRD22	0	0	0	1	1	0	5.60893317537644e-09	3.8934088153654e-05	0.000353841103683162
STAP1	0.586121790761996	0.586449078570162	0.0194949170071426	0.413878209238004	0.413550921429838	0.0194949170071426	6.62933561427795e-08	9.92203577619406e-06	2.14290034567486e-05
GBP3	0.523953375759834	0.524405728493546	0.0198845514130082	0.476046624240166	0.475594271506454	0.0198845514130082	1.39318108328708e-09	1.08685997252706e-05	2.52076775580184e-05
CKB	0	0.000165633472991665	0.00112031598389836	1	0.999834366527008	0.00112031598389835	9.04464075068744e-07	2.12881910598109e-05	0.000160972983237212
PTGER2	0.244052789600577	0.243583574726324	0.0109468963353937	0.755947210399423	0.756416425273676	0.0109468963353937	3.87957899744161e-07	9.09225321119132e-06	1.52460479873733e-05
PPP6C	0.0974777660049961	0.0973063509656065	0.0055656450648546	0.902522233995004	0.902693649034394	0.00556564506485459	2.12096434835919e-08	3.61504821949685e-06	1.27421366714598e-05
DSP	0.0573047927146183	0.0578731508333852	0.00997725315667768	0.942695207285382	0.942126849166615	0.00997725315667768	7.50237938709259e-10	1.83421890353577e-05	0.000114482356846884
HMGB1	0.0878610159636305	0.0880378749295828	0.0125171791083371	0.91213898403637	0.911962125070417	0.0125171791083371	5.88876561493843e-09	5.6146351001715e-06	9.1240939790928e-06
UST	0	0	0	1	1	0	4.9128415791285e-12	2.73091340842156e-05	0.000249673101459174
GRAMD1B	0	0.000886799856247524	0.00611205448275374	1	0.999113200143752	0.00611205448275375	2.24421199839838e-07	8.07463445417479e-06	2.2579612967916e-05
FAM120AOS	0.0157487751215562	0.0156619271293587	0.00389956632395034	0.984251224878444	0.984338072870641	0.00389956632395034	3.30322393942417e-07	1.17532308717987e-05	7.15506503442068e-05
DNAH7	0	0	0	1	1	0	1.53549305042409e-08	1.61237116202349e-05	0.000144049380277117
CCDC146	0.000827562501691556	0.00113632680955832	0.00248776501230409	0.999172437498309	0.998863673190442	0.00248776501230409	3.30556860826879e-08	1.91666749236351e-05	0.000154920552890754
IL1B	0.190983558233979	0.19102806489617	0.0190908074077345	0.809016441766021	0.80897193510383	0.0190908074077344	3.23992011448877e-08	1.03596924566044e-05	2.80764020964762e-05
FHAD1	0	0	0	1	1	0	1.28063029269262e-08	3.1271114095807e-05	0.000287632546394951
EIF4E3	0	0	0	1	1	0	1.60833892233483e-08	6.6572707087197e-06	2.17346469541851e-05
MAPK8	0	0.000260537352370059	0.00245790446645512	1	0.99973946264763	0.00245790446645512	9.49335019231329e-07	6.46165951669487e-06	1.23508203731182e-05
CCR7	0.458632141854913	0.458293642695792	0.0131645045260404	0.541367858145087	0.541706357304208	0.0131645045260404	2.73717454946246e-07	8.13879157220078e-06	1.09654642356345e-05
IFNA14	0	0	0	1	1	0	6.76483843742232e-09	1.67321039908999e-05	0.000151954650842833
LYZ	0.249964050864709	0.249889376337213	0.0126273596102381	0.75003594913529	0.750110623662787	0.0126273596102381	1.79255709679542e-06	9.66388410668529e-06	1.42840231645387e-05
IRG1	0	0	0	1	1	0	6.39559393529781e-11	2.40094243526226e-05	0.000214784250515469
IFIT5	0.312792089196058	0.313304300101181	0.0138051626267487	0.687207910803942	0.686695699898819	0.0138051626267487	5.83450516317761e-10	9.54756514053163e-06	2.88088558112331e-05
C17orf48	0	0	0	1	1	0	3.20980010613566e-07	2.34763135547111e-05	0.000199650620974985
ATP1B1	0.227632007132186	0.227641496987617	0.0107992949206431	0.772367992867814	0.772358503012383	0.0107992949206431	1.01270854977858e-06	1.36640146809553e-05	5.08330253612336e-05
TLR6	0	6.43054284616171e-05	0.000606656198795711	1	0.999935694571538	0.000606656198795715	1.98969735082725e-07	4.94462635176838e-06	2.41368532737977e-05
CLEC5A	0	0	0	1	1	0	3.91820352621874e-07	5.02174530495075e-06	2.01628971349756e-05
ACP5	0.161191697388008	0.162457431278142	0.0216552813945223	0.838808302611992	0.837542568721858	0.0216552813945223	4.69227624510393e-07	1.76980354527861e-05	0.000101113261553875
UNC93B1	0	0.000917944925965558	0.00778642047177328	1	0.999082055074034	0.00778642047177328	7.38661299744889e-07	2.21541208285145e-05	0.00015098229660378
CD40	0.307781756337925	0.308853115820401	0.0240892461089064	0.692218243662075	0.691146884179599	0.0240892461089064	8.37873501850954e-07	1.57654011956421e-05	3.06505387638287e-05
CPNE1	0.235976482072039	0.235991605902	0.0103346695403671	0.764023517927961	0.764008394098	0.0103346695403671	2.42573574710137e-07	1.01465546719569e-05	3.69330327806639e-05
IL1RN	0.286568465644807	0.287159603042915	0.017110338936604	0.713431534355193	0.712840396957085	0.017110338936604	1.99293239351539e-07	1.04136471976286e-05	1.93042000738933e-05
CLEC4D	0	0	0	1	1	0	6.02733338919335e-09	5.89281336180218e-06	2.43519288195384e-05
ATP10A	0.0629857924392402	0.0631423881769923	0.00901258487756882	0.93701420756076	0.936857611823008	0.00901258487756882	1.87905769864167e-09	1.20302016252306e-05	7.24430296366383e-05
LTA	0	0	0	1	1	0	4.69512161518572e-09	2.76546664922314e-05	0.000247767289467227
TMEM86A	0	0	0	1	1	0	4.30063161071582e-08	1.19037165092479e-05	8.41864443817268e-05
IL33	0	0	0	1	1	0	4.30569985969988e-09	1.81378086263389e-05	0.000163054592839726
C5	0	0	0	1	1	0	1.22333521497489e-07	7.86781122348413e-06	2.55698056292103e-05
PLAT	0	0	0	1	1	0	1.9592436166962e-07	3.04526963373263e-05	0.000274954538277029
MCOLN2	0.160938725371899	0.162004671276391	0.0236597944403817	0.8390612746281	0.837995328723609	0.0236597944403817	3.98718792706869e-06	1.11129705404536e-05	1.5954533206415e-05
RNASE2	0.375096329539724	0.374738107704234	0.0111725953930012	0.624903670460276	0.625261892295766	0.0111725953930012	2.22074655491104e-06	1.53435902016146e-05	3.66801507425337e-05
SCN9A	0.396800223198736	0.397080544878887	0.015795165819154	0.603199776801264	0.602919455121113	0.015795165819154	3.01409965240553e-06	1.21988341569545e-05	2.25921148758368e-05
TNF	0.612337428319286	0.611669750413364	0.00806183676227128	0.387662571680714	0.388330249586636	0.00806183676227127	1.61251800200636e-06	1.59031784662334e-05	2.88126243773076e-05
MAPK14	0.0745573163828466	0.0742755469827866	0.00772718428148313	0.925442683617153	0.925724453017213	0.00772718428148312	8.63754455322478e-08	5.64403280898561e-06	9.61657102406844e-06
CLEC4E	0.126378048770665	0.125888942777637	0.0141755540305402	0.873621951229335	0.874111057222363	0.0141755540305402	3.06409523728449e-07	1.15995832902348e-05	2.95035731641886e-05
FCGR3A	0.588692512379186	0.588254038475671	0.0110545684630443	0.411307487620814	0.411745961524329	0.0110545684630443	6.20811922267206e-07	8.95594221455524e-06	1.73987830847083e-05
IFI44	0.00800208607461695	0.00933643036375335	0.016908758718319	0.991997913925383	0.990663569636247	0.016908758718319	5.62471582586518e-07	2.20903650820014e-05	0.000162848270650836
RHOH	0	0	0	1	1	0	8.64164418035339e-11	1.86111920520514e-05	0.00013109220257984
OVOS	0	0	0	1	1	0	4.75954430985305e-09	2.73083278595204e-05	0.000250171187285167
IFNB1	0	0	0	1	1	0	6.86349424430071e-09	6.81703037661716e-06	5.51154160413499e-05
FRG2	0	0	0	1	1	0	1.5567723748457e-08	1.98807366615767e-05	0.00017923315074672
TNFAIP3	0.568549872329703	0.56775789862567	0.0109290703827401	0.431450127670297	0.43224210137433	0.0109290703827401	2.04565331444081e-07	1.35892662941392e-05	2.56408252280559e-05
TLR5	0	0	0	1	1	0	1.27086016404018e-08	7.02284896762921e-06	4.39499162067973e-05
IFNAR2	0.15645979235786	0.155721847839243	0.0097862094028749	0.843540207642139	0.844278152160757	0.00978620940287491	1.48030069826234e-06	1.05607933808069e-05	2.33737975503826e-05
IFIH1	0.0503922112068945	0.0524936648674439	0.0260553594221792	0.949607788793105	0.947506335132556	0.0260553594221792	8.03053405161823e-07	1.81798971530268e-05	0.000105570244867859
ADCY3	0.0101417223983468	0.0102969073807768	0.00736237447893914	0.989858277601653	0.989703092619223	0.00736237447893916	2.19874664215667e-09	7.26320040816735e-06	1.83730178651948e-05
DGKH	0.199231435745782	0.199193246426405	0.00852671032107274	0.800768564254218	0.800806753573595	0.00852671032107273	2.36291232728864e-06	1.53931900611423e-05	5.14674135384982e-05
CD93	0.107869627936396	0.107078318706639	0.0144146463834189	0.892130372063604	0.892921681293361	0.0144146463834189	3.04124381597127e-06	1.00525440492804e-05	1.00615867623841e-05
IRF8	0.126071996315656	0.125283262549512	0.0123129334155598	0.873928003684344	0.874716737450488	0.0123129334155598	3.29613683360999e-07	7.86493819366818e-06	1.0304055449536e-05
TMED7	0.0804630505513717	0.0802712514993088	0.0067541430849285	0.919536949448628	0.919728748500691	0.00675414308492848	5.75910921478116e-07	8.09830849722269e-06	2.30898029884794e-05
IFIT2	0.0561711083017825	0.0568660845834112	0.0111601067967376	0.943828891698217	0.943133915416589	0.0111601067967376	6.41391951558124e-08	1.19719912584861e-05	6.363155004245e-05
CASP5	0.0211469766032017	0.0211975523596289	0.00759501915761002	0.978853023396798	0.978802447640371	0.00759501915761002	3.25804141361317e-09	1.46152287945327e-05	8.84510219048021e-05
TLK2	0	0.00184796800046169	0.00821774140102892	1	0.998152031999538	0.00821774140102893	6.21741126864893e-07	1.05193514156859e-05	2.59039898452844e-05
MGC57346	0	0	0	1	1	0	4.82991508019376e-09	3.23213978672696e-05	0.000292975522403512
C12orf23	0	0.00128078134389313	0.00680783269511684	1	0.998719218656107	0.00680783269511683	3.46810326907255e-08	2.13491278027979e-05	0.000172243728240149
RRS1	0.518685284352164	0.518780682694094	0.0166889282398667	0.481314715647836	0.481219317305906	0.0166889282398667	7.65768660789049e-07	9.57627671165821e-06	1.43300390415118e-05
BRIP1	0.318643734426677	0.319701026581576	0.0345946220071265	0.681356265573324	0.680298973418424	0.0345946220071265	1.34713357291784e-06	1.37974709940947e-05	3.46121288784958e-05
ATP13A3	0.230086971440436	0.230227534443678	0.0137939614457738	0.769913028559564	0.769772465556322	0.0137939614457738	1.16512107171411e-06	1.25049648015262e-05	3.7912065442904e-05
GP1BA	0.198881644410906	0.197868844813779	0.0173584699857371	0.801118355589094	0.802131155186221	0.0173584699857371	9.7756784321775e-08	1.21931131685788e-05	4.15806917815835e-05
TMEM217	0	0	0	1	1	0	1.90632843486741e-07	1.88741577433583e-05	0.000152671686387802
MGC39372	0.107869627936397	0.108253363501166	0.0111333882116444	0.892130372063603	0.891746636498834	0.0111333882116444	5.93378867835793e-08	7.05474298878697e-06	1.73026084054511e-05
ERAP2	0.789715309022834	0.789941630675559	0.00873634050169927	0.210284690977165	0.210058369324441	0.00873634050169927	7.2228499804299e-10	1.14265269204182e-05	1.3761557288541e-05
IFNA16	0	0	0	1	1	0	1.72010323299696e-09	2.47231679297676e-05	0.000226926050184478
TWIST1	0	0	0	1	1	0	4.90274456044732e-08	2.32853492053101e-05	0.000206997470575353
FAM26F	0.378305334999264	0.378670233199816	0.0180528795716037	0.621694665000736	0.621329766800184	0.0180528795716037	1.32005188446934e-06	9.5439900554737e-06	1.53275466978095e-05
LRP12	0	0.000689362427166312	0.00381353848743504	1	0.999310637572834	0.00381353848743504	4.92007761270602e-09	1.70711391449106e-05	0.000112775877143266
IFITM3	0.214791683304503	0.215561779438804	0.0173429102406462	0.785208316695497	0.784438220561196	0.0173429102406462	1.26849995066492e-06	9.32254251787328e-06	2.2295862899618e-05
TRAF3IP2	0	0	0	1	1	0	9.70617412346302e-08	2.42435723304553e-05	0.000214599851727143
C1orf150	0	0	0	1	1	0	9.32757493323683e-08	2.21418726898689e-05	0.000164841098226972
SIGLEC9	0	0	0	1	1	0	2.03277566865939e-07	2.16988319627251e-05	0.000173762617231078
SPTLC2	0.109875470613491	0.110616188548494	0.0109037944528507	0.890124529386509	0.889383811451506	0.0109037944528507	1.97287080624309e-08	1.54667241278419e-05	7.61273899753152e-05
NFKB1	0.338817036394525	0.338674176563406	0.012566021489725	0.661182963605475	0.661325823436594	0.012566021489725	2.27809296680919e-06	1.40687437710089e-05	2.087256914167e-05
CYBRD1	0.274144494134117	0.27356350215182	0.0122773804001412	0.725855505865883	0.72643649784818	0.0122773804001412	1.55136677336171e-08	1.11209959921063e-05	2.28771753936107e-05
ADAMDEC1	0.428980010263756	0.429051049731369	0.0141567163208799	0.571019989736244	0.570948950268631	0.0141567163208799	5.16677058559705e-07	9.64764041971056e-06	1.70428416763516e-05
IFNGR2	0.222246837930667	0.223232917047054	0.0193892205392713	0.777753162069333	0.776767082952946	0.0193892205392714	1.35115051552382e-08	1.48394543793358e-05	3.73559595277343e-05
IL2RA	0.0259351565346942	0.0254638578445056	0.00880504811695895	0.974064843465306	0.974536142155494	0.00880504811695896	1.25213491327232e-07	9.71143908399141e-06	3.36376765291161e-05
NFKBIZ	0.00039984006397441	0.00184859852268243	0.00581499173633796	0.999600159936026	0.998151401477318	0.00581499173633797	8.78380865878463e-09	1.61405700403946e-05	8.64269482623593e-05
APOL3	0.53195245053213	0.531350856464161	0.0182736818581741	0.46804754946787	0.468649143535839	0.0182736818581741	3.6004628081414e-08	1.307164714122e-05	3.68906789674178e-05
DAPP1	0.350084425026493	0.350267502315286	0.0175007680056916	0.649915574973507	0.649732497684714	0.0175007680056916	4.94052045862528e-06	1.39230266113729e-05	1.59480661852159e-05
DUSP6	0	0	0	1	1	0	1.75141372453417e-07	1.32970104130897e-05	7.86003747595519e-05
IRAK4	0	0	0	1	1	0	9.19520233174734e-07	7.57908518821773e-06	1.74106757714681e-05
DDX58	0	0.000970308087865928	0.00493681318017761	1	0.999029691912134	0.00493681318017762	8.96482278162644e-07	1.09508305839951e-05	5.17474213201826e-05
HIST2H2BE	0	0	0	1	1	0	2.06080564393154e-07	2.12158854095928e-05	0.000167409175562068
TLR2	0.249621531148031	0.248557740901153	0.0147085764293596	0.750378468851969	0.751442259098847	0.0147085764293596	1.3583789213791e-07	1.62596473075428e-05	5.81424456518094e-05
CD19	0	0	0	1	1	0	5.57472323239123e-09	3.04608520399023e-05	0.0002798748286629
SSTR2	0	0	0	1	1	0	5.84588600295045e-08	1.81685748264008e-05	0.000159676506588438
IFNA10	0	0	0	1	1	0	3.6395228966664e-09	2.48201503804117e-05	0.000226085009652666
CLECL1	0.451039714504725	0.451068630294885	0.00952539342388195	0.548960285495275	0.548931369705115	0.00952539342388195	1.14285664633841e-06	1.06878902051498e-05	2.07793884122747e-05
POS_C	0	0	0	1	1	0	3.65401527859075e-09	1.52359947464108e-05	3.55822288992551e-05
POS_A	0.015268847429172	0.0159111927781815	0.00497989199050192	0.984731152570828	0.984088807221818	0.00497989199050192	4.23884560362393e-07	2.00045333989295e-05	0.000121104908108741
POS_F	0	0	0	1	1	0	1.28324130216465e-07	2.47512568361074e-06	3.77626329352296e-06
POS_D	0	0	0	1	1	0	1.29159260253481e-08	7.26806277734399e-06	1.64874149723582e-05
POS_B	0.024050785702589	0.0242039098451338	0.00637392613246147	0.975949214297411	0.975796090154866	0.00637392613246147	5.8882459345362e-07	1.55674073765425e-05	8.61639004772296e-05
POS_E	0	0	0	1	1	0	2.24401628303692e-07	4.07067718827887e-06	7.98866857548442e-06
NEG_C	0	0	0	1	1	0	2.95839260997302e-09	1.21826786088892e-06	3.65997518923754e-06
NEG_D	0	0	0	1	1	0	1.1319696116187e-08	1.24591154871608e-06	3.59993024005652e-06
NEG_E	0	0	0	1	1	0	4.25939428574733e-09	1.25236630043401e-06	3.70870491053173e-06
NEG_A	0	0	0	1	1	0	8.6918899685454e-09	1.24130467673076e-06	3.64528914779873e-06
NEG_H	0	0	0	1	1	0	1.2539084737625e-08	1.19907847868794e-06	3.56444398604971e-06
NEG_G	0	0	0	1	1	0	7.22272659823207e-09	1.1983440379109e-06	3.61039085240667e-06
NEG_F	0	0	0	1	1	0	3.67438495710441e-09	1.16939698980312e-06	3.34524535903759e-06
NEG_B	0	0	0	1	1	0	1.40283026175451e-08	1.20780035982038e-06	3.65816283662545e-06
