	Repeatability	Repeatability SE	Fixed r^2	Fixed r^2 SE	cis Heritability	cis Heritability SE
ABCD2	0	0	2.00E-05	0.000172869	0.03387	0.056918
ABCF1	0	0	2.36E-05	0.000167412	0.13037	0.084826
ABHD10	0	0	2.02E-05	0.000145925	0.214344	0.098062
AMPD2	0	0	1.02E-05	7.55E-05	0.093309	0.089256
ANKRD22	0	0	3.89E-05	0.000353841	0.058049	0.081761
ANKRD28	0	0	2.43E-05	0.000217508	-0.017437	0.062748
APOBEC3A	0	0	9.67E-06	6.31E-05	-0.021646	0.046407
ASPHD2	0	0	2.67E-05	0.000238982	0.216999	0.129126
ATRIP	0	0	1.92E-05	0.000157224	-0.023365	0.002189
BCL2A1	0	0	1.35E-05	0.000117527	-0.025007	0.066511
C15orf26	0	0	2.01E-05	0.000179049	0.059625	0.08597
C17orf48	0	0	2.35E-05	0.000199651	-0.105807	0.057112
C1orf150	0	0	2.21E-05	0.000164841	-0.007372	0.058565
C3	0	0	6.24E-06	3.24E-05	-0.061924	0.061641
C5	0	0	7.87E-06	2.56E-05	0.07692	0.075134
CARD8	0	0	6.29E-06	1.47E-05	0.295102	0.113179
CD19	0	0	3.05E-05	0.000279875	-0.011521	0.033292
CLEC4D	0	0	5.89E-06	2.44E-05	0.21432	0.10395
CLEC5A	0	0	5.02E-06	2.02E-05	0.030908	0.064546
COBLL1	0	0	1.98E-05	0.000171986	-0.062312	0.023148
CYLD	0	0	2.01E-05	0.00015286	-0.039333	0.060401
DEPDC7	0	0	6.18E-06	4.55E-05	-0.009506	0.055857
DKK1	0	0	6.82E-06	5.50E-05		
DNAH7	0	0	1.61E-05	0.000144049	0.055361	0.066946
DUSP6	0	0	1.33E-05	7.86E-05	0.019247	0.053822
ECSIT	0	0	2.60E-05	0.000230902	0.154588	0.088958
EDN1	0	0	2.80E-05	0.00025575	-0.068601	0.044009
EHD1	0	0	1.70E-05	0.000116414	0.109229	0.076458
EIF4E3	0	0	6.66E-06	2.17E-05	0.186562	0.112109
FADD	0	0	2.50E-05	0.000220721	0.212455	0.106636
FBN2	0	0	1.04E-05	7.11E-05	0.259449	0.101159
FCGR1A	0	0	2.06E-05	0.000186938	-0.014329	0.015182
FHAD1	0	0	3.13E-05	0.000287633	-0.026117	0.066458
FRG2	0	0	1.99E-05	0.000179233	-0.030834	0.005792
FRG2B	0	0	6.50E-06	4.87E-05	-0.03489	0.000081
FZD3	0	0	2.37E-05	0.000185661	-0.035719	0.050827
GCNT4	0	0	2.07E-05	0.000186916	0.117325	0.090549
GEM	0	0	2.98E-05	0.00027305	-0.062377	0.027764
GK	0	0	3.60E-05	0.000330957		
GSTM3	0	0	2.67E-05	0.000246056	0.417768	0.109135
GYPA	0	0	1.98E-05	0.000178167	0.090253	0.070218
HARS	0	0	2.04E-05	0.000149736	-0.04248	0.006241
HBEGF	0	0	3.52E-05	0.000314947	0.128434	0.084101
HIST2H2BE	0	0	2.12E-05	0.000167409	0.027237	0.042057
HLTF	0	0	7.26E-06	5.22E-05	0.091103	0.088781
HMGB3	0	0	2.59E-05	0.000231067		
HPS1	0	0	1.30E-05	1.98E-05	0.256603	0.105086
HRH4	0	0	1.18E-05	0.000101053	0.02162	0.068785
IFNA10	0	0	2.48E-05	0.000226085	0.033677	0.067741
IFNA13	0	0	6.72E-06	5.50E-05	-0.030572	0.03827
IFNA14	0	0	1.67E-05	0.000151955	-0.077166	0.00902
IFNA16	0	0	2.47E-05	0.000226926	0.02404	0.064472
IFNA17	0	0	3.03E-05	0.000278566	0.040581	0.069442
IFNA2	0	0	9.41E-06	8.04E-05	0.025449	0.065526
IFNA21	0	0	2.45E-05	0.000223561	0.025288	0.062132
IFNA4	0	0	2.73E-05	0.000249937	-0.005595	0.053911
IFNA5	0	0	2.45E-05	0.000223796	0.103821	0.08367
IFNB1	0	0	6.82E-06	5.51E-05	-0.007988	0.052645
IFNE	0	0	2.11E-05	0.000189008	0.025495	0.062616
IFNGR1	0	0	9.32E-06	2.18E-05	0.004768	0.066273
IFRD1	0	0	1.62E-05	0.000114149	-0.046438	0.027124
IL12A	0	0	1.81E-05	0.000163069	0.055102	0.066084
IL12B	0	0	2.46E-05	0.000221179	0.074126	0.082513
IL12RB1	0	0	1.22E-05	8.95E-05	0.077497	0.092187
IL1F9	0	0	1.10E-05	9.51E-05	0.043366	0.062377
IL23A	0	0	2.30E-05	0.000208825	0.08977	0.073265
IL28A	0	0	1.70E-05	0.000150596	0.032161	0.069514
IL28B	0	0	1.60E-05	0.000143065	0.009988	0.063547
IL29	0	0	2.04E-05	0.000185744	0.049109	0.074021
IL33	0	0	1.81E-05	0.000163055	-0.086595	0.024019
IL7	0	0	1.52E-05	0.000124657	0.004983	0.048715
IRAK4	0	0	7.58E-06	1.74E-05	0.003013	0.051469
IRF3	0	0	1.64E-05	0.000117245	0.02299	0.075166
IRG1	0	0	2.40E-05	0.000214784	-0.017773	0.053222
LHFP	0	0	8.67E-06	6.36E-05	0.396525	0.113192
LIFR	0	0	1.91E-05	0.00017229	-0.107144	0.031577
LIPH	0	0	1.10E-05	9.57E-05	0.028139	0.072999
LOC388022	0	0	6.19E-06	4.17E-05	-0.049565	0.029946
LRRFIP1	0	0	1.98E-05	0.000115052	0.046984	0.086914
LTA	0	0	2.77E-05	0.000247767	-0.026884	0.020741
MAPK3	0	0	1.84E-05	0.000130496	0.146924	0.088569
MED30	0	0	1.36E-05	9.14E-05	-0.110218	0.019099
MEFV	0	0	1.83E-05	0.000147842	-0.02584	0.058691
MGC57346	0	0	3.23E-05	0.000292976	0.091612	0.077036
MUC2	0	0	2.73E-05	0.000249826	0.077195	0.086551
MVK	0	0	2.57E-05	0.000217539	-0.005524	0.049812
NCAM1	0	0	2.61E-05	0.000239048	0.09948	0.091179
NCRNA00152	0	0	5.01E-06	3.65E-05	-0.029141	0.028313
NDP	0	0	6.82E-06	5.47E-05		
NFKBIB	0	0	1.68E-05	9.93E-05	0.192458	0.098999
NIPAL4	0	0	2.07E-05	0.000186814	0.039507	0.067198
NLRX1	0	0	1.54E-05	0.000131532	-0.066344	0.028239
NMI	0	0	8.85E-06	3.68E-05	0.013623	0.054808
NRG4	0	0	6.81E-06	5.50E-05	0.049651	0.059429
OLR1	0	0	2.89E-05	0.000218879	0.241792	0.102738
OVOS	0	0	2.73E-05	0.000250171	0.01414	0.068733
PAPD5	0	0	1.09E-05	8.72E-05	-0.014856	0.070338
PCDHGC5	0	0	2.32E-05	0.000210874	0.019605	0.061853
PDCD1	0	0	2.05E-05	0.000168071	-0.046293	0.014011
PEX16	0	0	6.25E-06	1.98E-05	-0.024673	0.041937
PLAT	0	0	3.05E-05	0.000274955	0.018376	0.055837
PLK2	0	0	1.08E-05	8.89E-05	0.104928	0.090947
RHOH	0	0	1.86E-05	0.000131092	0.170486	0.101449
RNF122	0	0	1.95E-05	0.000161728	0.155135	0.087913
SCG3	0	0	1.84E-05	0.000145023	-0.031448	0.022029
SCN3A	0	0	1.24E-05	0.000108124	-0.039545	0.03062
SEMA3A	0	0	5.25E-06	4.06E-05	-0.075884	0
SEMA3D	0	0	2.37E-05	0.000215549	0.018587	0.049338
SIGLEC9	0	0	2.17E-05	0.000173763	0.093934	0.108619
SSTR2	0	0	1.82E-05	0.000159677	0.021229	0.104298
TIRAP	0	0	5.33E-06	2.72E-05	0.030546	0.08226
TLR5	0	0	7.02E-06	4.39E-05	0.012137	0.058481
TLR9	0	0	1.97E-05	0.0001761	-0.002287	0.021938
TMEM178	0	0	3.54E-05	0.000326922	0.088118	0.077556
TMEM217	0	0	1.89E-05	0.000152672	0.027728	0.081336
TMEM86A	0	0	1.19E-05	8.42E-05	-0.027686	0.061794
TNC	0	0	1.00E-05	8.28E-05	-0.035838	0.06002
TNFRSF10A	0	0	1.56E-05	0.000100951	0.525909	0.105986
TNFSF15	0	0	2.25E-05	0.000171323	0.01228	0.073849
TRAF3IP2	0	0	2.42E-05	0.0002146	-0.056149	0.023704
TSPAN13	0	0	4.97E-06	1.73E-05	0.132633	0.099283
TWIST1	0	0	2.33E-05	0.000206997	0.032257	0.078378
UBE2E1	0	0	1.53E-05	0.000129567	-0.048483	0.043116
UBE2N	0	0	3.12E-05	0.000287619	0.036329	0.084091
UNC5C	0	0	1.79E-05	0.000145142	0.535767	0.097792
UNKL	0	0	1.07E-05	9.01E-05	0.016438	0.067961
UST	0	0	2.73E-05	0.000249673	0.075042	0.089969
VAV2	0	0	8.16E-06	2.52E-05	0.068379	0.103701
VCAM1	0	0	1.06E-05	3.25E-05	0.29032	0.104764
ZFP57	0	0	2.71E-05	0.000238775	0.713089	0.073244
MAMLD1	1.22E-05	0.000115295	9.84E-06	7.28E-05		
GNAS	4.05E-05	0.00038233	1.11E-05	2.04E-05	0.187037	0.116469
FAS	4.47E-05	0.000421616	2.44E-05	0.00020339	0.066965	0.085315
TLR6	6.43E-05	0.000606656	4.94E-06	2.41E-05	0.108094	0.092001
IL18	8.98E-05	0.000756799	1.62E-05	0.000118616	-0.014141	0.042713
MX1	9.05E-05	0.00085335	2.73E-05	0.000228732	0.143398	0.120513
GAPDH	0.000103363	0.000975128	6.51E-05	0.000590598	0.081712	0.093044
TLR1	0.000111398	0.001050924	8.22E-06	3.38E-05	0.195497	0.103907
CYP27B1	0.000126227	0.00119082	1.84E-05	0.000136765	0.072651	0.069857
DTX4	0.000138943	0.001208529	6.73E-06	2.30E-05	0.199033	0.093624
CCL1	0.000145111	0.001368976	1.55E-05	0.000119091	0.000901	0.084832
GCOM1	0.000149546	0.001410811	2.17E-05	0.000170187	0.04701	0.075283
CKB	0.000165633	0.001120316	2.13E-05	0.000160973	0.03324	0.065267
ZFY	0.000180443	0.001207016	5.13E-06	1.95E-05		
EAF2	0.000203215	0.001726249	8.05E-06	1.96E-05	0.067222	0.068849
KCTD14	0.000252149	0.002378765	7.70E-06	2.75E-05	0.041903	0.062891
PTX3	0.000254439	0.001689144	1.81E-05	0.000129777	0.026452	0.060162
MAPK8	0.000260537	0.002457904	6.46E-06	1.24E-05	0.066878	0.07502
TNIP3	0.000271176	0.001636127	2.11E-05	0.000171568	0.015206	0.065505
TAB1	0.000280096	0.002027568	5.32E-06	1.08E-05	-0.044965	0.028914
NT5DC2	0.000284518	0.001556592	7.02E-06	1.50E-05	0.150167	0.088219
SLC7A5	0.000302994	0.002858438	2.43E-05	0.000180669	-0.03229	0.066685
FOS	0.00037433	0.002495178	2.11E-05	0.00015624	0.043011	0.07108
AIM2	0.000464287	0.003610561	5.94E-06	1.09E-05	0.001919	0.0655
STAT4	0.000482085	0.00454798	2.04E-05	0.00014134	0.138225	0.091671
ANXA3	0.000504436	0.004758843	1.87E-05	0.000130666	0.130533	0.08438
NRIP3	0.000536869	0.003477952	8.98E-06	4.04E-05	0.051984	0.069576
HMBS	0.000594066	0.004169361	2.39E-05	0.000194297	0.161903	0.095974
LRP12	0.000689362	0.003813538	1.71E-05	0.000112776	0.116056	0.083403
ZNF513	0.000711907	0.00486099	7.62E-06	3.96E-05	-0.001999	0.035248
SPRY2	0.000831972	0.004410079	1.92E-05	0.000149494	0.139594	0.088878
MAVS	0.000849499	0.005970334	5.30E-06	6.95E-06	0.095021	0.101422
ATG9A	0.000865854	0.004596593	2.29E-05	0.000168657	0.011507	0.057393
GRAMD1B	0.0008868	0.006112054	8.07E-06	2.26E-05	0.043548	0.079416
UNC93B1	0.000917945	0.00778642	2.22E-05	0.000150982	0.012645	0.047138
DDX58	0.000970308	0.004936813	1.10E-05	5.17E-05		
TYK2	0.001122396	0.006343087	8.01E-06	1.34E-05	0.077888	0.077889
MYLIP	0.001136279	0.005106776	1.50E-05	9.32E-05	-0.026895	0.065638
CCDC146	0.001136327	0.002487765	1.92E-05	0.000154921	0.212756	0.097126
C12orf23	0.001280781	0.006807833	2.13E-05	0.000172244	0.275712	0.104335
SAMHD1	0.001421271	0.008047074	1.18E-05	7.32E-05	-0.02115	0.035572
TBK1	0.001484095	0.010899905	1.02E-05	2.36E-05	0.129491	0.086347
IL10	0.001768384	0.00753583	7.99E-06	2.40E-05	-0.000129	0.052336
TLK2	0.001847968	0.008217741	1.05E-05	2.59E-05	-0.044574	0.020686
NFKBIZ	0.001848599	0.005814992	1.61E-05	8.64E-05	-0.009579	0.046837
RGS2	0.002174768	0.011107112	8.04E-06	1.86E-05	0.200533	0.096143
ANO5	0.003835	0.006218392	1.67E-05	0.000124603	0.404993	0.106587
PRRG4	0.004528526	0.003463775	1.71E-05	0.000117597	-0.046217	0.036888
PSTPIP1	0.00483896	0.006379016	1.69E-05	8.40E-05	-0.00165	0.034971
IRAK3	0.005399106	0.0067722	1.97E-05	0.000137003	0.171448	0.09753
TAB3	0.006872278	0.006050266	8.43E-06	1.77E-05		
EIF1AY	0.007290815	0.005106378	2.15E-05	0.000160178		
IL15	0.008401122	0.006649217	8.51E-06	2.58E-05	-0.039602	0.041273
IFI44	0.00933643	0.016908759	2.21E-05	0.000162848	0.433315	0.100652
ADCY3	0.010296907	0.007362374	7.26E-06	1.84E-05	0.114073	0.078645
C3orf59	0.011104448	0.005683814	2.05E-05	0.000118007	0.07638	0.08667
ZFYVE16	0.011153038	0.006435634	9.52E-06	1.75E-05	0.180397	0.102847
ST8SIA6	0.014234991	0.009622604	1.03E-05	5.22E-05	0.025457	0.080018
FAM120AOS	0.015661927	0.003899566	1.18E-05	7.16E-05	0.024307	0.056603
IRF7	0.015907689	0.01107708	1.41E-05	6.20E-05	0.45069	0.102248
LPIN2	0.016994089	0.008393766	1.75E-05	9.36E-05	0.14946	0.120745
CD3E	0.017239799	0.015680255	9.64E-06	3.60E-05	-0.032293	0.056718
STAT6	0.017608093	0.015089419	1.99E-05	0.000127493	0.058394	0.061848
MAP3K7	0.018019306	0.003311121	5.99E-06	1.56E-05	-0.036552	0.060211
HIRA	0.018470011	0.006544826	1.89E-05	9.85E-05	0.03863	0.080938
CASP5	0.021197552	0.007595019	1.46E-05	8.85E-05	-0.0095	0.038451
HIVEP2	0.021886534	0.00871552	1.03E-05	3.40E-05	0.031784	0.073006
ITGB8	0.022019867	0.006541116	9.18E-06	3.86E-05	0.024598	0.08088
CHUK	0.023933139	0.007620225	9.90E-06	4.73E-05	0.137216	0.09094
TRAF3	0.024900116	0.008783577	1.45E-05	6.63E-05	-0.025491	0.03845
IL2RA	0.025463858	0.008805048	9.71E-06	3.36E-05	0.058755	0.102222
SNORD3A	0.02612078	0.008353666	1.31E-05	6.98E-05	-0.038225	0.011336
EMR1	0.028111372	0.008788892	1.12E-05	5.26E-05	0.134084	0.109975
EPSTI1	0.028642025	0.00771204	1.08E-05	5.95E-05	0.260129	0.106796
SLC1A3	0.028994952	0.011926154	9.30E-06	1.84E-05	-0.027986	0.0401
ZNF280D	0.032477606	0.00643286	1.22E-05	7.23E-05	0.036215	0.065293
SLC8A1	0.033630474	0.00775089	8.96E-06	3.21E-05	0.107055	0.084742
LGALS3BP	0.034783966	0.009192525	1.16E-05	1.95E-05	-0.104963	0.058923
HELB	0.035907198	0.011541511	7.10E-06	1.53E-05	0.38932	0.106567
OR52K3P	0.040711347	0.003603573	1.37E-05	9.82E-05	0.526124	0.101592
ATF2	0.040905152	0.00945059	7.36E-06	9.60E-06		
CD48	0.041802872	0.010295495	1.18E-05	3.71E-05	0.252792	0.10989
ORMDL3	0.043379719	0.009246248	1.19E-05	5.02E-05	0.084079	0.076388
STAT1	0.044053755	0.018970898	1.85E-05	0.000113616		
MAPK1	0.044537653	0.009278401	8.92E-06	1.95E-05	-0.033005	0.044296
TRAF6	0.045292062	0.007120098	1.04E-05	2.67E-05	-0.132655	0.001721
MAU2	0.045602625	0.002811132	2.84E-05	0.000237858	0.019469	0.057354
IFNAR1	0.045882299	0.007907747	8.32E-06	2.20E-05	0.333936	0.109499
STAT2	0.048090671	0.020748399	9.47E-06	5.48E-05	0.136198	0.083002
GBP1	0.049242043	0.028591992	1.72E-05	9.68E-05		
HSPA4L	0.049538552	0.005944737	1.86E-05	0.00011273	-0.059857	0.000001
IFIH1	0.052493665	0.026055359	1.82E-05	0.00010557	0.000435	0.041842
PTMA	0.053546739	0.004824674	1.38E-05	6.76E-05	-0.027494	0.045762
TAB2	0.05366753	0.008269352	8.27E-06	1.51E-05	0.075496	0.092942
MAP2K4	0.053795158	0.005409382	1.82E-05	6.97E-05	0.101199	0.102558
STAT3	0.055710158	0.012106552	1.72E-05	0.000109897	0.063933	0.065032
IFIT2	0.056866085	0.011160107	1.20E-05	6.36E-05	-0.080434	0.031027
DSP	0.057873151	0.009977253	1.83E-05	0.000114482	0.449844	0.113766
OSM	0.058423818	0.010010915	1.76E-05	9.04E-05	-0.033658	0.030164
SCLT1	0.061150144	0.009573755	1.01E-05	2.12E-05	0.106574	0.079076
ATP10A	0.063142388	0.009012585	1.20E-05	7.24E-05	0.407883	0.122664
ATG4C	0.063549087	0.010171708	8.07E-06	1.59E-05	0.21726	0.106352
IRF9	0.064031776	0.005824401	3.77E-06	7.33E-06	-0.081307	0.042542
RELA	0.064165473	0.006535287	1.50E-05	3.87E-05	-0.000198	0.041017
JAK1	0.065379125	0.006587719	8.47E-06	1.24E-05	-0.025547	0.055582
MAP2K2	0.065542373	0.011577752	1.23E-05	4.58E-05	0.158803	0.110246
SLC44A2	0.065752314	0.012235086	1.52E-05	7.74E-05	0.621785	0.085283
TRIM56	0.066035536	0.005099867	1.50E-05	8.12E-05	-0.055795	0.000102
MAP2K3	0.069762894	0.010136729	1.81E-05	6.92E-05	0.025492	0.055466
MYD88	0.070175366	0.017057434	8.72E-06	2.10E-05	0.001027	0.053257
RGS1	0.070713244	0.011257211	9.70E-06	3.37E-05	-0.040159	0.034545
BCL2L14	0.071748974	0.00885838	2.04E-05	0.000142342	0.043852	0.091013
MAPK14	0.074275547	0.007727184	5.64E-06	9.62E-06	0.089054	0.080281
IKBKB	0.074890206	0.005822104	8.13E-06	1.67E-05	0.003437	0.049566
TLR7	0.07571552	0.01019345	1.12E-05	6.02E-05		
ARL5B	0.076399218	0.008396198	1.26E-05	3.66E-05	0.439547	0.105676
SLCO5A1	0.076889062	0.007638446	1.33E-05	7.14E-05	0.062142	0.083686
PGAP1	0.078339181	0.006080568	9.31E-06	3.02E-05	0.005295	0.041581
TMED7	0.080271251	0.006754143	8.10E-06	2.31E-05	0.118528	0.091358
RIPK1	0.083323914	0.00804791	1.07E-05	2.78E-05	0.013282	0.086127
RNF149	0.084589383	0.009431853	5.21E-06	8.70E-06	0.029293	0.065771
OAS1	0.08716297	0.014356685	1.03E-05	4.48E-05	0.189048	0.098283
HMGB1	0.088037875	0.012517179	5.61E-06	9.12E-06	0.095077	0.102549
NFE2L3	0.08843736	0.008154378	1.46E-05	4.69E-05	0.308518	0.109324
CTLA4	0.090772589	0.007145931	1.51E-05	9.79E-05	-0.036249	0.035577
MICA	0.091611974	0.008095962	1.19E-05	5.13E-05	0.813126	0.051575
GTPBP2	0.095282338	0.008207666	9.36E-06	1.75E-05	0.014851	0.08024
PPP6C	0.097306351	0.005565645	3.62E-06	1.27E-05	-0.042727	0.007651
IKBKG	0.098006046	0.009664774	1.13E-05	3.72E-05		
RBM43	0.100197255	0.007253526	1.49E-05	9.57E-05	0.390557	0.105096
FAM135A	0.103245267	0.013902276	1.10E-05	2.03E-05	0.2013	0.097074
CUL4A	0.104301569	0.008428387	1.43E-05	6.15E-05	-0.007014	0.068448
GPR68	0.105933069	0.014146352	1.42E-05	4.90E-05	-0.005446	0.064723
CD93	0.107078319	0.014414646	1.01E-05	1.01E-05	0.253435	0.101869
MGC39372	0.108253364	0.011133388	7.05E-06	1.73E-05	0.553297	0.104905
SPTLC2	0.110616189	0.010903794	1.55E-05	7.61E-05	0.493541	0.108797
TEC	0.11266859	0.009859098	9.96E-06	3.40E-05	0.249945	0.100448
C19orf12	0.114733143	0.009512946	1.49E-05	7.76E-05	0.353047	0.110321
CXorf21	0.120644514	0.017384555	7.36E-06	1.93E-05		
CASP1	0.121286347	0.013442728	7.82E-06	2.19E-05	0.067118	0.067605
IRF8	0.125283263	0.012312933	7.86E-06	1.03E-05	-0.237805	0.000554
CLEC4E	0.125888943	0.014175554	1.16E-05	2.95E-05	0.275491	0.107529
KIAA0040	0.126921535	0.008005787	9.02E-06	1.66E-05	0.041203	0.062087
TANK	0.129942855	0.017614208	1.70E-05	6.28E-05	-0.014888	0.036277
IRAK1	0.130221132	0.009023548	9.21E-06	1.99E-05		
MAP3K8	0.132189754	0.011107704	8.40E-06	1.55E-05	0.099732	0.092295
DCBLD1	0.138210928	0.011806401	1.05E-05	2.97E-05	0.420515	0.101747
CH25H	0.143526264	0.009921142	8.44E-06	4.00E-05	0.316856	0.107414
TMPRSS13	0.146008182	0.012262742	1.68E-05	3.72E-05	-0.031363	0.055063
DDX3Y	0.152585013	0.019634189	1.02E-05	3.68E-05		
IFNAR2	0.155721848	0.009786209	1.06E-05	2.34E-05	0.190446	0.101462
TNFSF8	0.161626845	0.012312601	1.51E-05	7.12E-05	0.116499	0.096625
MCOLN2	0.162004671	0.023659794	1.11E-05	1.60E-05	0.54115	0.097828
ACP5	0.162457431	0.021655281	1.77E-05	0.000101113	0.353558	0.103806
MAP2K1	0.16410707	0.013773967	1.58E-05	7.26E-05	0.240947	0.105784
RBM6	0.165057013	0.006970642	1.00E-05	1.28E-05	0.307143	0.116617
CD86	0.166577768	0.010001686	8.59E-06	1.40E-05	0.001537	0.048707
ETS2	0.170104314	0.014301147	1.28E-05	3.35E-05	0.327853	0.116287
PIM1	0.174111728	0.014568657	1.54E-05	3.23E-05	-0.06017	0.055199
TRIM25	0.180565787	0.008334874	7.65E-06	1.34E-05	0.208959	0.112054
LRMP	0.181002769	0.015844974	1.24E-05	6.14E-05	0.612271	0.098038
MFN1	0.181863088	0.012203896	9.89E-06	4.55E-05	0.297604	0.101924
FGD4	0.182086768	0.010976044	1.00E-05	2.23E-05	-0.081662	0.013855
TMEM229B	0.182614502	0.0106173	8.94E-06	2.22E-05	0.712047	0.069462
IRF5	0.185373048	0.036588517	1.04E-05	2.68E-05	0.604212	0.087745
CDC37	0.187623349	0.01039133	1.09E-05	2.33E-05	-0.012888	0.051651
AXL	0.190937539	0.013836447	8.72E-06	1.42E-05	0.212213	0.098817
IL1B	0.191028065	0.019090807	1.04E-05	2.81E-05	0.10724	0.079473
GP1BA	0.197868845	0.01735847	1.22E-05	4.16E-05	0.479839	0.108457
TNFSF10	0.199104834	0.01677052	1.06E-05	4.67E-05	-0.046187	0.055503
DGKH	0.199193246	0.00852671	1.54E-05	5.15E-05	0.430472	0.107006
JAK2	0.200345477	0.0154826	7.22E-06	1.24E-05		
IKBKE	0.201788712	0.009736532	1.38E-05	4.35E-05	0.01067	0.060905
PYCARD	0.202158077	0.009879464	1.19E-05	1.85E-05	0.059326	0.061037
CD24	0.20613133	0.014549433	1.18E-05	4.03E-05		
IFI27	0.211876041	0.022349712	1.01E-05	1.72E-05	0.066898	0.099054
TNFRSF1A	0.21381629	0.025707463	7.81E-06	1.94E-05	0.035486	0.087423
IL4R	0.214394894	0.014478908	9.14E-06	1.30E-05	-0.003384	0.077114
IFITM3	0.215561779	0.01734291	9.32E-06	2.23E-05	0.850793	0.040908
P2RY13	0.219018776	0.011757467	1.56E-05	5.30E-05	0.208766	0.102087
C9orf30	0.222026911	0.012729234	1.46E-05	3.61E-05	-0.024778	0.039894
IFNGR2	0.223232917	0.019389221	1.48E-05	3.74E-05	0.122833	0.094171
TMEM173	0.223571224	0.01610274	1.21E-05	2.93E-05		
TICAM1	0.224462444	0.020140432	1.43E-05	2.45E-05	-0.115922	0.034869
PHLDA1	0.226931342	0.014541495	1.01E-05	3.35E-05	0.158781	0.100053
ATP1B1	0.227641497	0.010799295	1.37E-05	5.08E-05	0.135056	0.091974
ATP13A3	0.230227534	0.013793961	1.25E-05	3.79E-05	0.124369	0.105396
VCAN	0.231559199	0.018522899	1.32E-05	3.68E-05	0.531621	0.100382
CPNE1	0.235991606	0.01033467	1.01E-05	3.69E-05	0.728839	0.069525
PTGER2	0.243583575	0.010946896	9.09E-06	1.52E-05	0.1955	0.100551
RELB	0.245683326	0.013408429	1.16E-05	1.63E-05	0.145957	0.097877
TLR2	0.248557741	0.014708576	1.63E-05	5.81E-05	0.221653	0.105238
MMP10	0.249226476	0.018298459	1.90E-05	4.16E-05	0.558059	0.095479
LYZ	0.249889376	0.01262736	9.66E-06	1.43E-05	0.042084	0.076838
KMO	0.250045848	0.017030014	1.33E-05	3.11E-05	0.013984	0.089694
OTUD5	0.250159614	0.010839055	8.97E-06	1.56E-05		
CASP7	0.264230113	0.021671132	8.99E-06	1.79E-05	0.474261	0.108563
ATF3	0.27040645	0.033057754	1.42E-05	2.54E-05	0.421545	0.104551
CD2AP	0.271084089	0.012889973	1.25E-05	3.16E-05	-0.024935	0.0404
CYBRD1	0.273563502	0.01227738	1.11E-05	2.29E-05	0.48211	0.101477
TTC39B	0.273978418	0.016667952	1.24E-05	3.89E-05	0.835084	0.068996
ALOX15B	0.27963419	0.017824892	7.49E-06	1.32E-05	0.095908	0.092436
CREB1	0.282958377	0.011447175	7.60E-06	1.09E-05	-0.002582	0.058663
AQP9	0.283453073	0.015612189	1.37E-05	4.37E-05	-0.037549	0.025191
TLR3	0.285155863	0.014859772	8.39E-06	1.43E-05	0.027028	0.092975
CD69	0.286651974	0.015191477	8.01E-06	1.25E-05	0.128958	0.092887
IL1RN	0.287159603	0.017110339	1.04E-05	1.93E-05	0.303877	0.102636
HMGB2	0.289147603	0.012978892	1.09E-05	2.22E-05	-0.072042	0.035265
TGFB1	0.295225901	0.00831408	1.14E-05	2.31E-05	0.034514	0.065857
C6orf192	0.29566167	0.012407657	1.43E-05	3.49E-05	0.312264	0.106029
STEAP4	0.299026382	0.036804146	2.91E-05	0.000208727	0.827839	0.046595
GFRA2	0.30167077	0.01186025	8.15E-06	1.48E-05	-0.037264	0.060615
CD40	0.308853116	0.024089246	1.58E-05	3.07E-05	0.110514	0.08998
IRF1	0.312085277	0.012121216	8.84E-06	1.44E-05	0.117155	0.08561
IFIT5	0.3133043	0.013805163	9.55E-06	2.88E-05	0.068689	0.081752
FRMD3	0.317806206	0.01477075	1.12E-05	2.80E-05	0.642997	0.087088
BRIP1	0.319701027	0.034594622	1.38E-05	3.46E-05	0.202597	0.096138
NLRP3	0.321292868	0.012333315	9.99E-06	2.07E-05	0.195349	0.100156
IL6	0.332104987	0.012749655	1.57E-05	4.43E-05	0.148747	0.100383
MAP2K6	0.333444957	0.021847804	1.21E-05	1.76E-05	-0.067953	0.040081
PTPN1	0.336874119	0.01148377	1.05E-05	2.60E-05	0.05709	0.088963
NFKB1	0.338674177	0.012566021	1.41E-05	2.09E-05	-0.041076	0.002354
RAB7L1	0.339368834	0.013190585	1.39E-05	2.45E-05	0.239413	0.104457
AP2A2	0.339769717	0.013925716	1.10E-05	2.97E-05	0.070376	0.082909
CLEC4F	0.344143511	0.018419376	9.73E-06	1.34E-05	0.710759	0.076406
DAPP1	0.350267502	0.017500768	1.39E-05	1.59E-05	0.466731	0.103145
JUN	0.35029851	0.011138722	1.27E-05	2.18E-05	0.180827	0.099828
SLC46A3	0.351333748	0.010590344	9.15E-06	1.61E-05	0.027207	0.083978
C15orf48	0.358389797	0.024548525	7.99E-06	1.42E-05	0.134312	0.08676
TLR8	0.359526801	0.009625667	1.01E-05	1.96E-05		
OTOF	0.370409588	0.016948349	1.22E-05	2.44E-05	0.631518	0.084229
DCTN5	0.370754314	0.013015768	8.08E-06	1.27E-05	0.748134	0.075279
TLR4	0.371737644	0.01427112	7.66E-06	1.74E-05	0.002898	0.068596
RNASE2	0.374738108	0.011172595	1.53E-05	3.67E-05	0.007881	0.095427
FAM26F	0.378670233	0.01805288	9.54E-06	1.53E-05		
HPSE	0.382531661	0.012536884	9.59E-06	1.95E-05	-0.026688	0.054394
PLA2G4C	0.390662519	0.01341016	1.20E-05	1.91E-05	0.575173	0.099061
MS4A7	0.394163383	0.013414858	7.36E-06	1.09E-05	0.194413	0.095958
SCN9A	0.397080545	0.015795166	1.22E-05	2.26E-05	0.310073	0.103184
FCGR2B	0.397329732	0.014251163	9.69E-06	2.44E-05	0.371639	0.110016
ELP2	0.400495982	0.023199454	1.35E-05	4.18E-05	0.760268	0.062767
CARD9	0.407064639	0.010304386	1.10E-05	1.78E-05		
CSF2RA	0.407868965	0.024968151	1.51E-05	2.35E-05		
NUPR1	0.408644166	0.014580728	8.30E-06	1.90E-05	-0.048297	0.002464
SLC41A2	0.412306355	0.026810712	1.37E-05	2.25E-05	0.423761	0.111587
HK2	0.425901343	0.009334732	7.51E-06	1.04E-05	0.140475	0.096272
ADAMDEC1	0.42905105	0.014156716	9.65E-06	1.70E-05	0.181265	0.097865
FCGR2C	0.431863574	0.013014229	1.02E-05	2.71E-05	0.226527	0.104872
XBP1	0.443509674	0.014927654	8.41E-06	1.48E-05	0.053323	0.062419
CLECL1	0.45106863	0.009525393	1.07E-05	2.08E-05	0.489289	0.103101
CCDC109B	0.453260679	0.010109654	8.82E-06	1.99E-05	0.043115	0.074064
CCR7	0.458293643	0.013164505	8.14E-06	1.10E-05	-0.035792	0.023218
REL	0.461167101	0.012865622	1.18E-05	1.97E-05	0.047972	0.066833
CASS4	0.470713576	0.013142452	1.57E-05	2.18E-05	0.011407	0.082494
NOD2	0.481543587	0.010907483	8.23E-06	1.39E-05	0.285307	0.110061
CCL7	0.486076513	0.011991463	1.40E-05	2.72E-05	0.218234	0.114619
PLAU	0.488686245	0.0127373	1.42E-05	2.83E-05	-0.015327	0.006122
ADORA3	0.49550901	0.014650222	8.85E-06	1.68E-05	0.030932	0.0828
CTSH	0.498466527	0.024248878	1.28E-05	4.36E-05	0.523675	0.103612
KLF4	0.499099683	0.010736372	1.21E-05	2.35E-05		
NFKBIA	0.517191073	0.019698389	1.53E-05	3.05E-05	-0.056519	0.004107
RRS1	0.518780683	0.016688928	9.58E-06	1.43E-05	0.060218	0.062654
ERAP1	0.52205602	0.015480792	8.60E-06	1.25E-05	0.658643	0.080944
GBP3	0.524405728	0.019884551	1.09E-05	2.52E-05	0.855539	0.040226
LILRA3	0.528026533	0.013374548	1.04E-05	1.03E-05	-0.061617	0.089437
APOL3	0.531350856	0.018273682	1.31E-05	3.69E-05	-0.06045	0.06063
PI4K2B	0.535494498	0.019451797	8.28E-06	2.62E-05	0.152179	0.107275
NFKB2	0.537622023	0.008437617	1.47E-05	2.54E-05	-0.016334	0.022405
PTK2B	0.544601299	0.006592059	9.38E-06	1.33E-05	0.723081	0.078333
CREM	0.553858259	0.009474308	8.25E-06	1.08E-05	0.071784	0.072773
TNFAIP3	0.567757899	0.01092907	1.36E-05	2.56E-05	0.053034	0.084891
WDFY4	0.5724671	0.011185549	1.27E-05	1.58E-05	-0.061829	0.024304
TRAF1	0.582640298	0.012782642	1.16E-05	2.17E-05	0.144229	0.089693
STAP1	0.586449079	0.019494917	9.92E-06	2.14E-05	0.738417	0.064231
FCGR3A	0.588254038	0.011054568	8.96E-06	1.74E-05	-0.062033	0.039617
GADD45A	0.598318331	0.014372601	1.39E-05	2.33E-05	-0.003487	0.065798
TNF	0.61166975	0.008061837	1.59E-05	2.88E-05		
MSR1	0.630476128	0.007974414	9.10E-06	1.21E-05	0.444901	0.114638
CD14	0.672953573	0.008725494	8.41E-06	1.48E-05	-0.043438	0.001662
NFXL1	0.715014538	0.013496486	9.31E-06	1.23E-05	0.44674	0.101664
ERAP2	0.789941631	0.008736341	1.14E-05	1.38E-05	0.742768	0.06491
LGALS2	0.812163644	0.004947227	9.58E-06	1.05E-05	0.880792	0.048778
GSTT1	0.821405286	0.008368423	8.73E-06	1.17E-05	0.671244	0.08191
SLFN5	0.84108804	0.002969124	8.46E-06	1.16E-05	0.802822	0.060833